           1,           1,        15.5432,        19.7254,        10.6220,        22.3306,         0.5277,         0.6708,         0.3188,         3.5228,         0.4149,        84.4321,      1150.4937,       123.0706,         2.4743,        40.1263,         9.1018,        14.7284,         0.1089,         1.4366,         4.0719,         2.2437,         0.3173,         0.0671,         0.1693,         2.9375,         1.4847,       660.6057,         0.5509,         0.2762,         0.3006,         0.0980,
           7,           2,        15.8253,        19.5176,        11.0587,        21.7642,         0.5197,         0.6955,         0.3268,         3.7862,         0.4248,        74.9217,      1113.5176,       121.9141,         2.4999,        40.0785,         8.9642,        14.4145,         0.0961,         1.3916,         5.0154,         2.0692,         0.3085,         0.0745,         0.1713,         2.9032,         1.5204,       660.5129,         0.5514,         0.2765,         0.2978,         0.0965,
           9,           3,        15.2370,        19.7860,        10.9196,        20.6894,         0.4947,         0.7378,         0.3305,         3.7433,         0.4225,        89.2129,      1031.3406,       122.7436,         2.4682,        40.2164,         8.9192,        14.0065,         0.1063,         1.4047,         5.0036,         2.0793,         0.3106,         0.0657,         0.1728,         2.8792,         1.5404,       661.1167,         0.5489,         0.2771,         0.2974,         0.0956,
          11,           4,        14.8379,        19.9473,        11.3479,        21.9453,         0.4318,         0.7156,         0.3304,         4.0314,         0.4208,        74.2267,       985.2339,       123.0913,         2.4194,        39.5277,         8.7958,        13.3228,         0.0944,         1.4614,         5.6614,         2.2800,         0.3174,         0.0743,         0.1700,         2.9345,         1.5183,       661.3016,         0.5497,         0.2770,         0.2964,         0.0964,
          21,           5,        15.1900,        19.8537,        11.7789,        20.6043,         0.4734,         0.6963,         0.3387,         3.6136,         0.4182,        66.5689,       938.0654,       121.9497,         2.4434,        39.1560,         8.6680,        12.6440,         0.0723,         1.4045,         4.7145,         1.9814,         0.3131,         0.0708,         0.1734,         2.8663,         1.5270,       661.7766,         0.5514,         0.2780,         0.3008,         0.0990,
          25,           6,        14.6771,        20.2587,        11.8686,        19.4163,         0.4501,         0.7169,         0.3348,         3.2657,         0.4179,        76.3601,       903.5724,       121.3826,         2.4503,        39.3894,         8.7040,        13.2992,         0.0610,         1.4946,         3.8800,         1.7615,         0.3041,         0.0691,         0.1697,         2.9293,         1.4981,       661.4141,         0.5558,         0.2775,         0.2968,         0.0982,
          26,           7,        13.8880,        20.4796,        12.2259,        18.1741,         0.4574,         0.6847,         0.3327,         3.2224,         0.4267,        81.8749,       968.2823,       122.7055,         2.5108,        39.6888,         8.8212,        13.7748,         0.0428,         1.5211,         3.0056,         1.8944,         0.3120,         0.0747,         0.1738,         2.8588,         1.4922,       661.4460,         0.5582,         0.2771,         0.2925,         0.0958,
          29,           8,        13.3537,        20.9624,        11.8541,        17.4396,         0.4027,         0.7073,         0.3380,         3.4051,         0.4300,        95.1071,      1063.3705,       121.5468,         2.5739,        40.3773,         8.8357,        13.7220,         0.0606,         1.4302,         2.5410,         1.6016,         0.3100,         0.0654,         0.1716,         2.9190,         1.4750,       661.9297,         0.5610,         0.2783,         0.2973,         0.0932,
          30,           9,        13.7281,        21.2684,        11.6115,        17.2884,         0.4056,         0.6803,         0.3346,         3.3191,         0.4392,        72.2942,      1096.0701,       121.9576,         2.5688,        40.1390,         8.9534,        13.7880,         0.0824,         1.3903,         2.0640,         1.4226,         0.3062,         0.0559,         0.1691,         2.8510,         1.4730,       662.5154,         0.5641,         0.2788,         0.2938,         0.0941,
          31,          10,        13.9671,        21.6164,        11.4036,        15.6740,         0.4109,         0.6778,         0.3354,         3.3450,         0.4302,        52.3452,      1158.3278,       122.4546,         2.5579,        40.9868,         8.9481,        13.8711,         0.1042,         1.5088,         2.1186,         1.3712,         0.2951,         0.0645,         0.1651,         2.7938,         1.5204,       662.7700,         0.5634,         0.2780,         0.2897,         0.0914,
          34,          11,        13.9282,        21.2692,        10.9797,        16.6685,         0.3965,         0.7028,         0.3377,         3.4069,         0.4216,        63.2825,      1136.0337,       121.7177,         2.6217,        41.7090,         9.0028,        13.1023,         0.1000,         1.5356,         1.2702,         1.3681,         0.2994,         0.0594,         0.1661,         2.8648,         1.5566,       662.6541,         0.5632,         0.2777,         0.2915,         0.0917,
          40,          12,        13.0618,        20.8197,        11.1717,        16.5276,         0.3891,         0.6711,         0.3390,         3.2178,         0.4155,        56.2798,      1191.2792,       122.7455,         2.6841,        42.4545,         8.8576,        12.2450,         0.1214,         1.5205,         1.5519,         1.2884,         0.3061,         0.0683,         0.1677,         2.9040,         1.6066,       662.3896,         0.5610,         0.2771,         0.2964,         0.0940,
          41,          13,        13.0083,        20.4491,        11.4069,        17.9112,         0.3477,         0.6506,         0.3409,         3.6856,         0.4183,        53.4085,      1183.9775,       122.4151,         2.6403,        41.6713,         8.9868,        11.7131,         0.1377,         1.6120,         2.2170,         1.5049,         0.2991,         0.0713,         0.1702,         2.9357,         1.6084,       662.0485,         0.5638,         0.2761,         0.2956,         0.0940,
          45,          14,        12.5280,        20.8397,        11.2788,        16.6764,         0.3803,         0.6232,         0.3390,         3.9553,         0.4258,        52.9265,      1139.0544,       121.4113,         2.6421,        41.6280,         9.1065,        10.9977,         0.1359,         1.6684,         1.2316,         1.4579,         0.3025,         0.0757,         0.1719,         2.8976,         1.6359,       662.3031,         0.5625,         0.2754,         0.2924,         0.0952,
          46,          15,        12.8254,        20.8600,        10.9429,        17.4993,         0.3788,         0.6181,         0.3450,         4.1017,         0.4269,        35.7730,      1055.7592,       120.4162,         2.6228,        40.8365,         9.0363,        11.4653,         0.1457,         1.6660,         1.5450,         1.4830,         0.2973,         0.0658,         0.1766,         2.9612,         1.5988,       661.9042,         0.5615,         0.2742,         0.2915,         0.0934,
          47,          16,        13.0492,        20.6138,        10.7226,        18.3802,         0.3907,         0.6375,         0.3447,         3.7397,         0.4345,        50.8549,      1073.7190,       119.9512,         2.5601,        40.7581,         8.9349,        10.6542,         0.1490,         1.7189,         0.9725,         1.2699,         0.2976,         0.0554,         0.1808,         2.9960,         1.5551,       662.3754,         0.5567,         0.2745,         0.2872,         0.0948,
          69,          17,        13.7287,        20.3699,        10.8240,        16.8325,         0.4278,         0.6636,         0.3407,         3.3539,         0.4350,        33.6628,      1066.7672,       120.3814,         2.5867,        41.3766,         8.9457,        10.1240,         0.1525,         1.6669,         1.6588,         1.2547,         0.2967,         0.0523,         0.1817,         2.9212,         1.5387,       662.4589,         0.5531,         0.2741,         0.2903,         0.0957,
          75,          18,        13.6874,        19.9883,        11.2203,        18.2272,         0.4048,         0.6957,         0.3462,         3.7309,         0.4436,        45.7400,      1054.5100,       120.5455,         2.5502,        40.7725,         8.9581,        10.4231,         0.1710,         1.6769,         2.3402,         0.9017,         0.2992,         0.0639,         0.1786,         2.9924,         1.5371,       662.1013,         0.5483,         0.2732,         0.2943,         0.0971,
          92,          19,        13.7590,        20.1791,        11.4003,        18.9822,         0.4138,         0.6616,         0.3515,         3.5105,         0.4420,        40.2463,      1049.0187,       119.2845,         2.5397,        40.5671,         9.1052,        10.9465,         0.1802,         1.6477,         3.3277,         1.0215,         0.2970,         0.0649,         0.1801,         3.0506,         1.5443,       662.0416,         0.5508,         0.2733,         0.2967,         0.0967,
          93,          20,        13.4597,        20.0276,        11.1844,        17.5857,         0.3670,         0.6743,         0.3583,         3.8189,         0.4358,        54.5152,      1036.6697,       118.9900,         2.5254,        40.3841,         9.1184,        10.1558,         0.1651,         1.5628,         4.3487,         1.2616,         0.3044,         0.0586,         0.1805,         2.9795,         1.5938,       661.3237,         0.5496,         0.2737,         0.2980,         0.0937,
          95,          21,        13.0760,        20.3930,        11.0834,        18.0762,         0.3678,         0.6552,         0.3657,         3.9023,         0.4390,        41.4647,      1047.8754,       119.1817,         2.5950,        40.1881,         9.0845,        10.6985,         0.1696,         1.5672,         4.0294,         1.3417,         0.3033,         0.0656,         0.1770,         3.0046,         1.5637,       660.6545,         0.5489,         0.2729,         0.3005,         0.0943,
         109,          22,        12.9862,        20.5472,        10.6467,        19.0732,         0.3420,         0.6261,         0.3621,         3.8239,         0.4482,        35.1761,       976.7578,       118.2370,         2.6256,        40.7798,         8.9769,        11.1422,         0.1564,         1.5781,         4.4598,         0.9743,         0.3021,         0.0620,         0.1747,         3.0267,         1.5877,       660.4879,         0.5452,         0.2737,         0.3000,         0.0963,
         111,          23,        12.7364,        20.9287,        10.1653,        19.6009,         0.3050,         0.6363,         0.3621,         3.3783,         0.4382,        43.1873,      1035.2012,       117.2734,         2.5786,        40.6328,         8.8858,        10.7047,         0.1642,         1.5164,         3.5227,         0.9827,         0.3109,         0.0641,         0.1766,         3.0772,         1.6177,       660.6763,         0.5411,         0.2746,         0.3001,         0.0961,
         112,          24,        13.2134,        20.4980,        10.5604,        18.5391,         0.3387,         0.6524,         0.3537,         3.5756,         0.4341,        47.1611,       945.1050,       118.0518,         2.5459,        41.2407,         9.0064,        11.4379,         0.1431,         1.5810,         3.5859,         0.8306,         0.3176,         0.0672,         0.1799,         3.0346,         1.6230,       660.5594,         0.5458,         0.2746,         0.3032,         0.0970,
         113,          25,        13.7713,        20.7007,        10.9443,        17.8081,         0.3517,         0.6268,         0.3601,         3.9002,         0.4286,        65.3686,       875.7322,       118.3295,         2.5538,        41.7344,         9.0611,        11.4737,         0.1466,         1.4798,         2.6580,         1.0761,         0.3266,         0.0730,         0.1789,         3.0408,         1.6545,       659.8455,         0.5454,         0.2756,         0.2995,         0.0986,
         115,          26,        14.0941,        20.3431,        11.4307,        18.7969,         0.3359,         0.6036,         0.3677,         3.4300,         0.4341,        64.6442,       919.8568,       119.6069,         2.4855,        41.5753,         9.1994,        11.4569,         0.1401,         1.5889,         1.7052,         1.2343,         0.3160,         0.0736,         0.1790,         3.0970,         1.6372,       659.8000,         0.5502,         0.2749,         0.2962,         0.1008,
         117,          27,        14.6951,        20.3202,        11.2282,        20.1927,         0.3323,         0.5987,         0.3711,         2.9851,         0.4297,        54.7923,       938.9899,       119.8826,         2.5020,        40.8816,         9.1883,        11.3342,         0.1287,         1.6649,         0.9127,         1.1653,         0.3141,         0.0856,         0.1808,         3.0459,         1.6640,       660.4788,         0.5514,         0.2749,         0.2969,         0.0995,
         140,          28,        14.0218,        20.7149,        10.9552,        19.6168,         0.3081,         0.5576,         0.3645,         3.3183,         0.4343,        42.2921,       885.4662,       119.7010,         2.5370,        40.5841,         9.2064,        11.5471,         0.1312,         1.7658,         0.8174,         1.0291,         0.3223,         0.0916,         0.1832,         3.0599,         1.6432,       661.0258,         0.5561,         0.2754,         0.3009,         0.0991,
         153,          29,        13.4339,        20.4707,        10.9231,        20.2908,         0.3540,         0.5248,         0.3720,         3.2733,         0.4407,        39.6218,       843.2748,       119.5301,         2.5448,        40.5338,         9.2203,        10.8582,         0.1166,         1.7487,         1.8735,         1.0594,         0.3172,         0.0833,         0.1822,         3.0534,         1.6219,       661.4872,         0.5521,         0.2763,         0.2978,         0.1004,
         154,          30,        13.0563,        20.4842,        11.0520,        20.3707,         0.3347,         0.5495,         0.3787,         3.4213,         0.4477,        42.9383,       847.2237,       119.2939,         2.5458,        39.9983,         9.2098,        10.9434,         0.1113,         1.7923,         1.1892,         1.3499,         0.3089,         0.0942,         0.1856,         3.0277,         1.6188,       660.9335,         0.5520,         0.2758,         0.2972,         0.1040,
         156,          31,        13.5129,        20.6039,        11.2582,        19.6031,         0.3268,         0.5251,         0.3827,         3.4835,         0.4522,        44.2399,       864.3656,       119.5984,         2.5291,        39.7628,         9.0723,        10.7603,         0.1312,         1.8942,         2.0107,         1.1743,         0.3190,         0.1018,         0.1841,         3.0704,         1.6662,       660.6128,         0.5504,         0.2755,         0.2961,         0.1034,
         170,          32,        12.8576,        20.6677,        11.7328,        20.4457,         0.3276,         0.5108,         0.3828,         3.2585,         0.4608,        38.9314,       769.6920,       119.0485,         2.5226,        38.9474,         9.1059,        11.5845,         0.1140,         1.9123,         1.8957,         0.9680,         0.3132,         0.0932,         0.1834,         3.0063,         1.7134,       660.6524,         0.5472,         0.2759,         0.2940,         0.1022,
         177,          33,        13.7795,        21.0140,        11.6591,        21.4284,         0.3176,         0.5468,         0.3826,         3.4261,         0.4535,        61.5440,       757.6058,       118.3353,         2.5797,        38.9452,         9.0824,        11.1760,         0.1362,         1.8770,         2.4817,         0.8929,         0.3186,         0.0928,         0.1794,         3.0128,         1.7018,       659.9716,         0.5484,         0.2765,         0.2944,         0.1001,
         184,          34,        13.2904,        21.0989,        11.6284,        20.3352,         0.3249,         0.5085,         0.3741,         3.5002,         0.4455,        62.0674,       761.9637,       116.9272,         2.6259,        38.5528,         9.0526,        11.6830,         0.1247,         1.9763,         1.7897,         1.0126,         0.3267,         0.0908,         0.1829,         2.9545,         1.6750,       660.2961,         0.5493,         0.2755,         0.2942,         0.0974,
         189,          35,        13.1520,        20.9226,        11.2505,        20.5148,         0.3256,         0.4792,         0.3826,         3.1087,         0.4383,        42.0043,       749.7347,       117.8699,         2.6798,        38.1790,         9.1411,        12.0783,         0.1124,         1.8775,         1.1169,         1.2773,         0.3157,         0.0918,         0.1794,         3.0179,         1.6267,       660.2124,         0.5464,         0.2763,         0.2959,         0.1004,
         194,          36,        12.6700,        20.5190,        11.1558,        21.4210,         0.3205,         0.4916,         0.3792,         3.5407,         0.4477,        42.4052,       691.4750,       117.8094,         2.6291,        38.2641,         9.1842,        11.3628,         0.1177,         1.9513,         1.6895,         1.5819,         0.3078,         0.0813,         0.1797,         2.9527,         1.6162,       659.9728,         0.5469,         0.2760,         0.2947,         0.0972,
         199,          37,        12.1482,        20.8897,        11.2453,        20.6648,         0.3312,         0.5082,         0.3877,         3.9028,         0.4408,        45.8915,       673.5380,       117.9960,         2.6187,        38.0166,         9.0486,        11.9173,         0.1130,         2.0549,         1.9388,         1.6319,         0.3052,         0.0762,         0.1751,         2.9882,         1.5707,       659.9510,         0.5506,         0.2749,         0.2995,         0.0979,
         201,          38,        11.4644,        21.0207,        11.6316,        19.7245,         0.3227,         0.5230,         0.3784,         3.4954,         0.4465,        39.9468,       709.0679,       117.9640,         2.5964,        37.7531,         8.9560,        12.4766,         0.0908,         2.0324,         1.8188,         1.5724,         0.3135,         0.0765,         0.1763,         2.9592,         1.6199,       659.5197,         0.5555,         0.2755,         0.2965,         0.0941,
         214,          39,        11.8338,        21.0340,        11.4993,        19.6868,         0.3043,         0.5483,         0.3826,         3.1742,         0.4564,        41.3604,       761.3579,       118.5038,         2.6269,        37.7311,         8.8946,        11.8375,         0.1094,         2.0144,         1.1169,         1.8018,         0.3238,         0.0774,         0.1790,         2.9550,         1.5734,       659.3076,         0.5595,         0.2752,         0.2957,         0.0945,
         215,          40,        12.2865,        20.7839,        11.5078,        20.5801,         0.3198,         0.5505,         0.3759,         2.7622,         0.4482,        35.4462,       771.8076,       118.2625,         2.6177,        37.2968,         9.0082,        11.0439,         0.1013,         2.0304,         0.6425,         1.5973,         0.3360,         0.0890,         0.1811,         2.9566,         1.5277,       660.0316,         0.5619,         0.2748,         0.2922,         0.0926,
         216,          41,        12.4201,        20.6449,        11.5963,        20.1271,         0.3137,         0.5180,         0.3799,         3.1976,         0.4568,        47.6025,       713.6593,       118.1285,         2.6792,        37.0492,         8.8824,        10.2161,         0.1002,         1.9503,         1.1808,         1.6510,         0.3376,         0.1003,         0.1852,         3.0141,         1.5360,       659.5317,         0.5584,         0.2747,         0.2906,         0.0934,
         217,          42,        12.8781,        20.2764,        11.3493,        19.4637,         0.3228,         0.5223,         0.3881,         3.4362,         0.4482,        35.2774,       673.1220,       117.5056,         2.6606,        36.6302,         8.8728,        10.2622,         0.1025,         1.9304,         0.3076,         1.3739,         0.3266,         0.1034,         0.1860,         2.9897,         1.5664,       660.2405,         0.5572,         0.2759,         0.2932,         0.0958,
         219,          43,        12.4838,        20.1683,        11.1141,        19.8356,         0.3606,         0.5548,         0.3871,         3.2868,         0.4389,        44.5453,       694.8903,       116.3664,         2.7012,        36.2668,         8.8158,        10.6074,         0.1182,         1.8328,         1.1458,         1.4258,         0.3299,         0.1126,         0.1814,         3.0355,         1.5366,       660.8318,         0.5535,         0.2763,         0.2952,         0.0927,
         221,          44,        11.7286,        19.7997,        11.3523,        20.2410,         0.3476,         0.5854,         0.3925,         3.3851,         0.4331,        34.7548,       668.1300,       116.4706,         2.6834,        36.7342,         8.8848,        11.4251,         0.1302,         1.8160,         0.9571,         1.3153,         0.3213,         0.1146,         0.1787,         2.9678,         1.5577,       660.6679,         0.5576,         0.2754,         0.3001,         0.0950,
         223,          45,        12.4423,        19.5555,        11.3526,        20.1822,         0.3931,         0.5559,         0.3858,         3.0392,         0.4272,        48.8606,       711.4849,       115.3612,         2.6830,        36.3993,         8.8927,        11.7830,         0.1088,         1.8951,         0.1243,         1.4581,         0.3270,         0.1132,         0.1832,         2.9654,         1.5846,       660.4490,         0.5526,         0.2749,         0.2990,         0.0960,
         225,          46,        11.5145,        19.3791,        11.7649,        20.7746,         0.3686,         0.5657,         0.3884,         2.7947,         0.4304,        53.6946,       732.4114,       116.7410,         2.6909,        36.2052,         8.7669,        11.2432,         0.1267,         1.8561,         0.5441,         1.6722,         0.3240,         0.1067,         0.1815,         2.9509,         1.5551,       659.9047,         0.5478,         0.2738,         0.2956,         0.0929,
         226,          47,        10.8133,        18.9319,        11.6133,        19.5419,         0.3476,         0.5807,         0.3832,         2.6423,         0.4299,        56.5482,       769.1497,       116.5776,         2.7235,        35.3663,         8.8770,        11.3646,         0.1095,         1.7823,         0.9745,         1.4170,         0.3195,         0.1048,         0.1818,         2.9152,         1.5255,       659.4755,         0.5443,         0.2740,         0.2991,         0.0941,
         227,          48,        10.0548,        18.6013,        11.4840,        19.0321,         0.3705,         0.5931,         0.3931,         2.8634,         0.4189,        35.8531,       802.4114,       116.0526,         2.7346,        36.1960,         8.8591,        12.2337,         0.1319,         1.8356,         0.2177,         1.2499,         0.3087,         0.1121,         0.1795,         2.8632,         1.5100,       659.1159,         0.5421,         0.2731,         0.2942,         0.0904,
         233,          49,        10.2810,        19.0205,        11.8246,        19.9694,         0.3599,         0.5723,         0.3870,         3.2791,         0.4172,        33.7651,       771.8411,       117.1482,         2.7603,        36.9020,         8.7233,        11.4565,         0.1324,         1.7334,         0.4311,         1.5309,         0.3069,         0.1236,         0.1786,         2.8934,         1.4909,       659.4438,         0.5383,         0.2731,         0.2937,         0.0919,
         234,          50,        10.1745,        19.1428,        11.3350,        19.2630,         0.3264,         0.5374,         0.3931,         3.1304,         0.4154,        49.8916,       704.2556,       117.7361,         2.7056,        36.2058,         8.5814,        10.7379,         0.1231,         1.8459,         0.2175,         1.8162,         0.2987,         0.1169,         0.1776,         2.9506,         1.5285,       658.7422,         0.5420,         0.2728,         0.2938,         0.0903,
         238,          51,        10.0294,        18.8377,        11.2390,        19.4045,         0.3204,         0.5565,         0.4009,         3.3280,         0.4075,        34.6744,       636.8943,       118.0404,         2.7268,        37.0523,         8.6573,        10.8488,         0.1216,         1.9281,         0.8089,         1.9744,         0.2999,         0.1095,         0.1821,         3.0063,         1.5451,       659.0881,         0.5401,         0.2729,         0.2988,         0.0881,
         241,          52,        10.9975,        18.6146,        11.1726,        19.6246,         0.3355,         0.5197,         0.3984,         3.3038,         0.4163,        48.5027,       553.3648,       117.1651,         2.6766,        36.9971,         8.6406,        10.8565,         0.1147,         1.9017,         0.0753,         2.2994,         0.3058,         0.1130,         0.1784,         3.0220,         1.5170,       659.6551,         0.5390,         0.2742,         0.2947,         0.0917,
         246,          53,        10.3981,        18.1529,        10.8065,        18.4943,         0.3323,         0.5060,         0.4072,         3.3149,         0.4205,        51.5405,       498.2385,       116.5624,         2.7489,        37.0355,         8.6265,        11.4376,         0.1201,         1.7879,         0.3914,         2.3637,         0.2991,         0.1056,         0.1792,         2.9932,         1.5487,       659.1561,         0.5403,         0.2737,         0.2900,         0.0902,
         264,          54,        10.8009,        17.7430,        11.2335,        18.9107,         0.3879,         0.5381,         0.4093,         3.7667,         0.4248,        58.4234,       414.1892,       117.6461,         2.7100,        37.8904,         8.5333,        11.5441,         0.1335,         1.7507,         0.5107,         2.4634,         0.2872,         0.1040,         0.1805,         3.0246,         1.5391,       658.8563,         0.5355,         0.2741,         0.2926,         0.0888,
         275,          55,        11.7118,        18.1932,        10.8740,        17.3463,         0.4441,         0.5166,         0.4033,         3.7808,         0.4360,        51.7433,       407.9324,       117.2570,         2.7395,        38.6409,         8.5079,        11.0531,         0.1531,         1.6369,         1.4441,         2.8199,         0.2793,         0.1046,         0.1829,         2.9842,         1.4906,       658.4042,         0.5306,         0.2732,         0.2887,         0.0917,
         282,          56,        11.5145,        18.5334,        10.6855,        16.9589,         0.4251,         0.4986,         0.4000,         4.2452,         0.4465,        49.0882,       429.1169,       118.5402,         2.6675,        38.3425,         8.5953,        11.0366,         0.1730,         1.6985,         1.8403,         2.7933,         0.2755,         0.1151,         0.1783,         2.9863,         1.4759,       657.9410,         0.5355,         0.2720,         0.2924,         0.0910,
         283,          57,        12.3959,        18.9231,        10.4451,        16.6085,         0.4279,         0.5014,         0.3978,         3.7740,         0.4497,        50.2128,       434.4980,       117.9560,         2.6565,        37.6854,         8.6847,        11.5357,         0.1690,         1.6879,         2.6814,         2.5848,         0.2800,         0.1146,         0.1748,         2.9292,         1.5001,       658.6810,         0.5315,         0.2722,         0.2907,         0.0934,
         302,          58,        12.3110,        18.7865,        10.2766,        17.9354,         0.4100,         0.5431,         0.3893,         3.9001,         0.4405,        40.2195,       402.0353,       119.0327,         2.6023,        36.8187,         8.6935,        11.6923,         0.1720,         1.6242,         3.3730,         2.6350,         0.2795,         0.1159,         0.1783,         2.9442,         1.4652,       658.3707,         0.5332,         0.2723,         0.2954,         0.0948,
         306,          59,        12.4249,        18.3467,        10.2122,        18.2012,         0.3511,         0.5230,         0.3933,         3.9387,         0.4386,        61.3430,       358.9799,       117.8613,         2.5357,        36.8513,         8.8356,        10.9389,         0.1522,         1.5008,         2.3496,         2.5189,         0.2915,         0.1157,         0.1748,         3.0121,         1.5024,       658.4387,         0.5339,         0.2711,         0.2993,         0.0933,
         318,          60,        12.2584,        18.3415,        10.7068,        17.5505,         0.3851,         0.5102,         0.3880,         3.8936,         0.4496,        39.6452,       360.0919,       116.7731,         2.5771,        37.3141,         8.7517,        10.6438,         0.1726,         1.4696,         1.4207,         2.3201,         0.2941,         0.1174,         0.1730,         2.9884,         1.4526,       658.8648,         0.5360,         0.2708,         0.2989,         0.0966,
         320,          61,        11.8285,        18.1355,        10.8722,        17.7722,         0.3954,         0.4869,         0.3837,         3.9810,         0.4388,        59.9519,       329.9142,       118.1264,         2.5765,        37.7696,         8.8572,        11.4107,         0.1770,         1.5306,         0.7333,         2.1359,         0.2971,         0.1288,         0.1776,         2.9293,         1.4759,       659.4493,         0.5359,         0.2716,         0.2957,         0.0953,
         321,          62,        12.0895,        17.6551,        10.5277,        18.8569,         0.3954,         0.5113,         0.3879,         3.5586,         0.4496,        57.1912,       241.5583,       116.8220,         2.6483,        38.1967,         8.8999,        10.8432,         0.1708,         1.4426,         1.0737,         2.1060,         0.2942,         0.1291,         0.1823,         2.9020,         1.5206,       659.9411,         0.5311,         0.2713,         0.2917,         0.0950,
         322,          63,        12.3641,        17.4938,        10.4929,        19.1942,         0.3556,         0.5029,         0.3844,         3.2811,         0.4554,        45.9190,       297.5426,       117.1612,         2.5997,        39.0050,         8.8440,        10.2967,         0.1800,         1.4090,         0.2457,         2.1990,         0.3014,         0.1300,         0.1803,         2.8415,         1.5091,       659.5519,         0.5330,         0.2705,         0.2945,         0.0985,
         324,          64,        11.4753,        17.2521,        10.1575,        20.0029,         0.3411,         0.4665,         0.3879,         3.6479,         0.4447,        46.7151,       368.2522,       116.4137,         2.6037,        38.3009,         8.8728,        10.3639,         0.1884,         1.4688,         0.6988,         1.8777,         0.2964,         0.1404,         0.1807,         2.8567,         1.5298,       658.9171,         0.5290,         0.2704,         0.2977,         0.0976,
         333,          65,        11.2283,        17.6231,        10.3361,        18.7309,         0.3775,         0.4970,         0.3813,         4.1010,         0.4457,        45.3551,       457.0831,       116.7410,         2.5752,        38.1768,         8.9222,        10.0241,         0.1688,         1.5238,         1.3807,         2.0841,         0.3019,         0.1478,         0.1825,         2.8668,         1.5492,       658.9388,         0.5303,         0.2707,         0.2938,         0.0964,
         342,          66,        11.1725,        17.6921,        10.3336,        19.7446,         0.3595,         0.5327,         0.3807,         4.4767,         0.4458,        52.6503,       483.0262,       116.5852,         2.5672,        38.7282,         8.8919,        10.6723,         0.1736,         1.6191,         1.8996,         2.3356,         0.3003,         0.1403,         0.1834,         2.8182,         1.5754,       658.2525,         0.5338,         0.2717,         0.2931,         0.0997,
         345,          67,        10.5383,        17.2160,        10.3633,        19.6040,         0.3019,         0.5144,         0.3901,         4.8700,         0.4562,        34.1652,       415.7826,       116.9125,         2.5811,        39.1305,         8.8154,        10.9609,         0.1958,         1.6854,         1.0248,         2.5817,         0.2968,         0.1353,         0.1866,         2.8385,         1.6143,       658.6191,         0.5385,         0.2725,         0.2961,         0.1008,
         349,          68,        10.5833,        17.3559,        10.4626,        20.0204,         0.3437,         0.5370,         0.3967,         4.4345,         0.4500,        46.0768,       452.3087,       117.1008,         2.5216,        39.7042,         8.8042,        10.1672,         0.1905,         1.5988,         1.5618,         2.3122,         0.2934,         0.1400,         0.1902,         2.8870,         1.6564,       658.8770,         0.5405,         0.2719,         0.2922,         0.1016,
         369,          69,        11.1924,        17.0282,        10.3902,        19.7129,         0.3062,         0.5678,         0.3953,         4.4185,         0.4434,        49.9513,       487.6516,       118.0678,         2.4944,        40.3908,         8.7964,        10.1701,         0.1754,         1.7084,         1.4127,         2.5016,         0.3027,         0.1440,         0.1868,         2.9144,         1.6792,       659.1846,         0.5398,         0.2716,         0.2890,         0.1011,
         378,          70,        11.7533,        17.3914,        10.0185,        20.1043,         0.3380,         0.5464,         0.4028,         4.4407,         0.4537,        52.4270,       550.7407,       118.8590,         2.4370,        41.2603,         8.6815,        10.8447,         0.1823,         1.6539,         1.3801,         2.7971,         0.3038,         0.1441,         0.1894,         2.9556,         1.6301,       658.8965,         0.5373,         0.2705,         0.2844,         0.1013,
         380,          71,        11.4176,        17.2794,        10.2145,        19.0583,         0.3345,         0.5365,         0.4063,         4.2064,         0.4610,        51.7741,       459.3994,       118.8056,         2.4373,        40.5474,         8.6461,        11.1691,         0.1717,         1.6749,         0.6933,         2.7132,         0.2944,         0.1545,         0.1936,         2.9024,         1.6610,       658.3124,         0.5422,         0.2714,         0.2847,         0.1038,
         391,          72,        12.3087,        17.1424,        10.2551,        20.0595,         0.3104,         0.5641,         0.4099,         4.3016,         0.4610,        48.8760,       437.8383,       117.5649,         2.4030,        40.2406,         8.7643,        10.5921,         0.1888,         1.7056,         0.9654,         2.7401,         0.3044,         0.1594,         0.1893,         2.9656,         1.6787,       657.9932,         0.5426,         0.2703,         0.2878,         0.1064,
         399,          73,        13.2817,        17.3950,        10.2703,        18.4310,         0.3254,         0.5714,         0.4120,         3.8290,         0.4682,        45.1143,       516.4497,       119.0337,         2.4451,        39.4071,         8.7378,        10.6129,         0.1719,         1.6144,         0.6015,         2.9147,         0.2950,         0.1677,         0.1913,         2.9344,         1.6824,       658.2812,         0.5411,         0.2713,         0.2898,         0.1043,
         421,          74,        13.3200,        17.2600,        10.3817,        18.1062,         0.3505,         0.5395,         0.4126,         4.1883,         0.4780,        45.1702,       570.0300,       117.5697,         2.5105,        38.8803,         8.5988,        11.0279,         0.1902,         1.4907,         0.2596,         3.2810,         0.2844,         0.1685,         0.1892,         2.9399,         1.6818,       657.7193,         0.5386,         0.2702,         0.2853,         0.1007,
         438,          75,        13.8929,        17.2220,        10.1488,        19.1974,         0.3109,         0.5732,         0.4151,         3.9950,         0.4727,        54.3007,       642.1813,       116.1162,         2.4498,        39.1994,         8.5191,        10.4482,         0.1914,         1.4447,         0.5459,         3.4565,         0.2749,         0.1636,         0.1899,         2.9537,         1.7093,       657.8342,         0.5347,         0.2696,         0.2804,         0.1016,
         441,          76,        14.3014,        16.8064,        10.4058,        19.3730,         0.3016,         0.5715,         0.4244,         3.8184,         0.4824,        69.4591,       670.3081,       115.4261,         2.5235,        38.5253,         8.6150,        10.7845,         0.1905,         1.5564,         0.7740,         3.2671,         0.2647,         0.1558,         0.1940,         2.9411,         1.7462,       658.3613,         0.5349,         0.2695,         0.2813,         0.1032,
         447,          77,        15.1793,        16.5192,        10.4487,        20.1015,         0.3070,         0.5324,         0.4219,         4.2366,         0.4726,        69.7217,       713.7134,       116.8643,         2.5965,        38.7974,         8.5529,        10.2866,         0.1854,         1.6764,         1.1883,         3.4063,         0.2583,         0.1586,         0.1925,         3.0161,         1.7446,       658.9587,         0.5337,         0.2685,         0.2768,         0.1020,
         448,          78,        14.9514,        16.3973,        10.9048,        20.1281,         0.3131,         0.4916,         0.4162,         4.1306,         0.4641,        51.1592,       789.2271,       117.4628,         2.6133,        38.7063,         8.5150,        10.3300,         0.1943,         1.6606,         1.9165,         3.5587,         0.2541,         0.1611,         0.1971,         2.9437,         1.7354,       659.0129,         0.5294,         0.2682,         0.2799,         0.0989,
         465,          79,        15.4140,        15.9732,        11.2153,        19.9811,         0.3116,         0.5124,         0.4092,         3.7773,         0.4577,        41.3022,       747.9178,       116.7420,         2.6863,        38.2987,         8.6586,        10.3531,         0.1735,         1.6350,         3.0381,         3.7882,         0.2486,         0.1662,         0.1955,         2.8891,         1.7257,       658.8721,         0.5266,         0.2690,         0.2787,         0.0999,
         483,          80,        15.1526,        16.1248,        11.0895,        18.6656,         0.3344,         0.4883,         0.4186,         3.7293,         0.4533,        45.9998,       757.6913,       116.7638,         2.7062,        38.6730,         8.5116,        10.9953,         0.1564,         1.6723,         3.0842,         4.1013,         0.2404,         0.1556,         0.1995,         2.9451,         1.6758,       658.3080,         0.5232,         0.2690,         0.2792,         0.0964,
         528,          81,        14.8871,        15.7550,        11.0328,        19.6411,         0.3111,         0.5011,         0.4146,         3.6982,         0.4477,        52.6037,       722.6539,       118.0805,         2.7000,        38.6782,         8.4153,        10.9589,         0.1643,         1.7768,         2.3125,         4.2700,         0.2468,         0.1673,         0.1955,         2.8704,         1.6720,       657.5820,         0.5203,         0.2679,         0.2765,         0.0929,
         544,          82,        14.4613,        16.1368,        11.3255,        19.3629,         0.3697,         0.5235,         0.4192,         3.4194,         0.4579,        55.1934,       742.5626,       117.6240,         2.6518,        38.4831,         8.4622,        10.7344,         0.1627,         1.8646,         1.3663,         4.2398,         0.2399,         0.1697,         0.1992,         2.9327,         1.6519,       658.1892,         0.5181,         0.2680,         0.2774,         0.0906,
         545,          83,        14.8357,        16.0183,        11.2956,        17.9347,         0.3636,         0.5293,         0.4176,         3.0399,         0.4528,        56.3669,       752.4142,       117.7274,         2.5911,        39.3525,         8.4396,        11.5157,         0.1763,         1.9609,         0.8595,         4.5292,         0.2338,         0.1598,         0.1961,         2.9596,         1.6119,       658.1186,         0.5172,         0.2674,         0.2759,         0.0891,
         547,          84,        15.1435,        15.5858,        11.0900,        18.8857,         0.3051,         0.5032,         0.4116,         2.7641,         0.4583,        62.5450,       712.8660,       116.9327,         2.5179,        39.6441,         8.3030,        11.8080,         0.1716,         2.0553,         1.3060,         4.5422,         0.2254,         0.1582,         0.1940,         2.9177,         1.6320,       657.5738,         0.5140,         0.2669,         0.2744,         0.0867,
         553,          85,        14.4654,        15.6747,        11.5032,        19.7440,         0.3163,         0.5238,         0.4018,         2.4310,         0.4514,        54.8913,       632.3381,       116.7609,         2.5100,        39.0076,         8.3959,        12.6586,         0.1506,         2.1249,         1.5505,         4.8808,         0.2263,         0.1601,         0.1923,         2.9425,         1.5904,       658.1123,         0.5161,         0.2665,         0.2771,         0.0879,
         554,          86,        15.0029,        15.3562,        11.0853,        18.3353,         0.3641,         0.5062,         0.3961,         2.4733,         0.4420,        53.9441,       672.4883,       117.8532,         2.4862,        38.7265,         8.3606,        11.8627,         0.1595,         2.1012,         2.5453,         4.8887,         0.2307,         0.1648,         0.1898,         2.9986,         1.5680,       657.7327,         0.5124,         0.2670,         0.2741,         0.0862,
         559,          87,        14.7751,        14.9324,        11.5842,        18.9493,         0.3055,         0.5061,         0.4051,         2.5274,         0.4492,        48.8738,       657.0335,       116.5962,         2.5584,        38.1615,         8.4277,        12.4630,         0.1610,         2.1513,         2.6407,         4.9816,         0.2280,         0.1636,         0.1919,         3.0728,         1.5375,       658.4787,         0.5081,         0.2658,         0.2743,         0.0859,
         564,          88,        14.1059,        15.0914,        11.8172,        18.0681,         0.3556,         0.5090,         0.3965,         2.3451,         0.4480,        40.3030,       736.0787,       115.7552,         2.6196,        38.6956,         8.3597,        12.0518,         0.1728,         2.2157,         1.8011,         4.7917,         0.2275,         0.1692,         0.1960,         3.0518,         1.5418,       658.3751,         0.5063,         0.2665,         0.2724,         0.0856,
         567,          89,        13.5895,        15.5217,        11.3847,        16.6110,         0.3761,         0.5265,         0.4039,         2.2831,         0.4525,        49.3468,       679.8841,       115.1098,         2.6205,        39.4055,         8.3389,        12.8488,         0.1860,         2.2558,         2.7887,         4.4324,         0.2242,         0.1637,         0.1951,         3.1237,         1.5789,       658.8209,         0.5064,         0.2660,         0.2769,         0.0825,
         588,          90,        13.0922,        15.3611,        11.2757,        16.7343,         0.4083,         0.5220,         0.3979,         2.4211,         0.4621,        49.6373,       636.8040,       113.9278,         2.6080,        39.7414,         8.2742,        13.5990,         0.1676,         2.3758,         1.7229,         4.2863,         0.2340,         0.1694,         0.1969,         3.0921,         1.5573,       659.0524,         0.5050,         0.2654,         0.2723,         0.0835,
         591,          91,        12.8924,        15.3836,        10.8597,        17.2418,         0.4116,         0.4933,         0.4031,         2.3228,         0.4601,        41.4159,       728.9367,       113.1772,         2.5663,        38.9151,         8.2390,        13.5421,         0.1568,         2.3791,         2.7210,         3.9557,         0.2410,         0.1728,         0.1979,         3.1246,         1.5672,       658.3129,         0.5033,         0.2645,         0.2765,         0.0809,
         593,          92,        13.0820,        15.6671,        10.4627,        16.2102,         0.3986,         0.5004,         0.4037,         1.9536,         0.4581,        31.2784,       711.3445,       112.3941,         2.6188,        39.0432,         8.1577,        13.3622,         0.1566,         2.4283,         3.3352,         3.9648,         0.2350,         0.1753,         0.1997,         3.1295,         1.5947,       657.7767,         0.5058,         0.2637,         0.2734,         0.0785,
         597,          93,        12.5163,        16.1131,        10.3117,        16.7530,         0.4285,         0.4784,         0.4122,         1.7182,         0.4600,        43.8869,       714.6456,       112.3194,         2.6740,        39.6364,         8.0704,        13.6152,         0.1519,         2.4548,         3.1244,         3.7857,         0.2459,         0.1822,         0.1994,         3.1090,         1.6416,       657.4442,         0.5107,         0.2640,         0.2741,         0.0752,
         598,          94,        12.8205,        16.4525,        10.1272,        18.3826,         0.3755,         0.4431,         0.4115,         1.3300,         0.4644,        65.1728,       763.6264,       113.1899,         2.7228,        40.2569,         7.9652,        12.8494,         0.1483,         2.3918,         2.1356,         4.0549,         0.2510,         0.1761,         0.1958,         3.0486,         1.6084,       658.0502,         0.5076,         0.2630,         0.2769,         0.0763,
         599,          95,        11.8528,        16.1774,        10.4418,        18.6293,         0.3378,         0.4790,         0.4155,         1.6511,         0.4735,        55.5887,       674.4849,       113.7557,         2.7476,        40.1836,         7.8679,        12.8155,         0.1347,         2.4784,         2.9343,         4.2255,         0.2582,         0.1837,         0.1973,         3.1191,         1.5704,       658.1235,         0.5110,         0.2639,         0.2742,         0.0786,
         601,          96,        12.2940,        16.2460,        10.8345,        18.9550,         0.3788,         0.4435,         0.4083,         1.1988,         0.4624,        76.5249,       748.7433,       114.9613,         2.7455,        40.7860,         7.9928,        13.5621,         0.1537,         2.5873,         3.3178,         3.9331,         0.2692,         0.1756,         0.1940,         3.1352,         1.5907,       658.8300,         0.5089,         0.2651,         0.2744,         0.0750,
         607,          97,        12.8549,        16.5947,        10.3624,        17.5378,         0.4161,         0.4597,         0.4052,         1.2301,         0.4641,        79.1231,       779.4777,       116.4484,         2.6969,        41.3734,         8.1248,        13.4539,         0.1387,         2.5128,         3.3872,         4.1512,         0.2789,         0.1778,         0.1972,         3.1812,         1.6031,       659.2259,         0.5126,         0.2640,         0.2785,         0.0713,
         608,          98,        13.5422,        16.8132,        10.0698,        17.5505,         0.3918,         0.4706,         0.4056,         1.3350,         0.4583,        58.3185,       845.7363,       116.5056,         2.7587,        41.4406,         8.0822,        13.7239,         0.1569,         2.6143,         3.7115,         4.5030,         0.2866,         0.1838,         0.1949,         3.2527,         1.6255,       659.4755,         0.5135,         0.2647,         0.2833,         0.0710,
         615,          99,        12.5893,        16.8840,        10.3899,        18.6549,         0.3671,         0.4967,         0.4111,         1.7862,         0.4510,        40.4844,       855.0674,       115.1174,         2.7913,        40.5730,         8.2010,        13.1313,         0.1414,         2.7096,         4.7456,         4.8559,         0.2777,         0.1888,         0.1947,         3.2041,         1.6071,       660.0921,         0.5179,         0.2640,         0.2833,         0.0689,
         616,         100,        11.6972,        16.8544,        10.1095,        19.8871,         0.3736,         0.5076,         0.4102,         2.2447,         0.4519,        47.0450,       767.2370,       114.1742,         2.7276,        41.1899,         8.1144,        13.1627,         0.1458,         2.7211,         3.8136,         4.8907,         0.2814,         0.1844,         0.1919,         3.2751,         1.5897,       660.5936,         0.5203,         0.2639,         0.2852,         0.0671,
         617,         101,        11.1812,        17.2588,        10.1690,        18.9437,         0.3736,         0.5000,         0.4150,         2.2847,         0.4421,        67.2034,       772.7476,       113.8470,         2.7539,        41.0682,         8.1680,        13.4819,         0.1351,         2.6379,         3.2303,         4.8700,         0.2869,         0.1846,         0.1888,         3.2726,         1.5759,       660.0898,         0.5203,         0.2630,         0.2853,         0.0703,
         621,         102,        10.1818,        17.4756,        10.4107,        19.7396,         0.3713,         0.5210,         0.4180,         2.2272,         0.4381,        53.4187,       695.9931,       113.3891,         2.7464,        40.9575,         8.1422,        13.8989,         0.1243,         2.6589,         3.1966,         5.0757,         0.2874,         0.1778,         0.1873,         3.2999,         1.5693,       659.9976,         0.5166,         0.2621,         0.2871,         0.0714,
         624,         103,        10.3574,        17.5565,        10.5538,        21.3851,         0.3328,         0.4887,         0.4087,         2.3714,         0.4441,        45.4058,       773.8098,       114.3277,         2.6965,        41.3131,         8.2123,        14.1432,         0.1245,         2.6162,         2.6331,         5.2867,         0.2799,         0.1801,         0.1898,         3.3030,         1.5820,       659.8616,         0.5125,         0.2633,         0.2886,         0.0680,
         625,         104,        11.3025,        18.0422,        10.2932,        21.1472,         0.3309,         0.5134,         0.4170,         2.4699,         0.4506,        45.5765,       774.9255,       115.6367,         2.6651,        41.0096,         8.2923,        14.0227,         0.1084,         2.6294,         2.9683,         4.9242,         0.2916,         0.1762,         0.1909,         3.3057,         1.5945,       659.3527,         0.5139,         0.2641,         0.2920,         0.0703,
         642,         105,        10.7205,        18.1743,        10.1151,        20.6705,         0.3051,         0.5203,         0.4245,         2.8962,         0.4414,        62.0386,       832.5378,       116.0962,         2.7134,        40.3275,         8.4157,        13.9777,         0.1163,         2.5343,         2.1898,         4.6748,         0.2939,         0.1799,         0.1863,         3.2879,         1.6323,       658.8445,         0.5183,         0.2631,         0.2873,         0.0714,
         647,         106,        10.0131,        18.1353,        10.2574,        19.5616,         0.3183,         0.5567,         0.4197,         2.9163,         0.4404,        64.7247,       916.9012,       116.5490,         2.7484,        40.0010,         8.3745,        13.6374,         0.1358,         2.6153,         1.8143,         4.8821,         0.2980,         0.1733,         0.1841,         3.2143,         1.5918,       658.5377,         0.5226,         0.2630,         0.2849,         0.0707,
         648,         107,        10.2337,        18.4741,        10.0467,        18.3352,         0.3210,         0.5419,         0.4255,         3.0079,         0.4488,        60.7296,       937.4761,       117.8576,         2.7361,        39.3323,         8.4622,        12.9011,         0.1221,         2.5006,         2.4832,         4.6632,         0.2994,         0.1823,         0.1829,         3.2331,         1.6304,       658.4787,         0.5257,         0.2637,         0.2813,         0.0673,
         652,         108,        10.6234,        18.5015,        10.1607,        18.1424,         0.3345,         0.5485,         0.4192,         2.9261,         0.4568,        49.4777,       985.0518,       119.0513,         2.7810,        38.8356,         8.4782,        12.2223,         0.1083,         2.5963,         3.1427,         4.3862,         0.3112,         0.1815,         0.1849,         3.1817,         1.5939,       658.1187,         0.5299,         0.2625,         0.2854,         0.0710,
         658,         109,        11.3664,        18.4721,        10.2797,        19.5480,         0.3269,         0.5124,         0.4106,         2.7549,         0.4556,        64.6265,      1043.0190,       118.6412,         2.7717,        39.4378,         8.4202,        11.7428,         0.1044,         2.5724,         2.1997,         4.0714,         0.3142,         0.1857,         0.1842,         3.1771,         1.6097,       657.8395,         0.5252,         0.2625,         0.2858,         0.0679,
         660,         110,        10.4349,        18.7241,        10.4529,        21.0025,         0.3076,         0.4744,         0.4107,         2.3964,         0.4499,        57.8679,       950.4404,       117.6705,         2.8256,        39.0176,         8.4280,        12.4535,         0.0952,         2.6754,         2.0936,         4.1412,         0.3111,         0.1939,         0.1867,         3.2504,         1.6563,       657.4410,         0.5233,         0.2630,         0.2852,         0.0645,
         664,         111,        11.2913,        18.7644,        10.8314,        19.9055,         0.3154,         0.5066,         0.4009,         2.5192,         0.4579,        51.0841,       996.2651,       118.3483,         2.8496,        38.4348,         8.3699,        12.0210,         0.1076,         2.6913,         2.9456,         3.8740,         0.3015,         0.1862,         0.1886,         3.3035,         1.6800,       657.5167,         0.5217,         0.2633,         0.2853,         0.0672,
         677,         112,        11.5085,        18.2726,        10.8697,        18.9703,         0.3053,         0.5127,         0.4049,         2.1162,         0.4534,        48.0259,      1079.2640,       118.4889,         2.8414,        38.6759,         8.2623,        11.7838,         0.1198,         2.7715,         2.0572,         3.9797,         0.2906,         0.1797,         0.1840,         3.2313,         1.6760,       657.8645,         0.5185,         0.2628,         0.2858,         0.0634,
         688,         113,        12.0155,        18.5804,        10.4166,        20.1184,         0.3220,         0.5065,         0.3962,         1.9575,         0.4452,        61.8431,      1015.0513,       118.4471,         2.9139,        38.1541,         8.3475,        11.0042,         0.1225,         2.7708,         2.8269,         3.6058,         0.2925,         0.1707,         0.1808,         3.1635,         1.7242,       658.3796,         0.5181,         0.2618,         0.2820,         0.0626,
         689,         114,        11.5297,        18.8299,        10.8238,        18.6959,         0.3238,         0.5135,         0.4017,         1.9582,         0.4397,        51.8543,      1019.0792,       117.1501,         2.9283,        38.2799,         8.2198,        10.8576,         0.1320,         2.7756,         3.1006,         3.3107,         0.3023,         0.1760,         0.1855,         3.2047,         1.7524,       658.6155,         0.5135,         0.2613,         0.2813,         0.0643,
         691,         115,        10.6460,        18.8494,        11.0867,        17.3238,         0.3608,         0.4912,         0.3969,         1.6966,         0.4401,        56.2873,       975.3653,       115.7799,         2.9445,        38.1646,         8.3555,        10.9734,         0.1168,         2.7433,         3.7580,         3.5197,         0.3099,         0.1741,         0.1836,         3.1571,         1.7343,       658.3229,         0.5152,         0.2623,         0.2773,         0.0625,
         708,         116,        11.3845,        18.3829,        10.7476,        16.8559,         0.3689,         0.4502,         0.3950,         2.0176,         0.4406,        47.1986,      1056.4919,       117.2740,         2.9253,        37.3914,         8.4741,        11.1312,         0.1247,         2.6650,         4.7348,         3.8493,         0.3111,         0.1654,         0.1833,         3.0996,         1.7179,       658.6497,         0.5166,         0.2615,         0.2734,         0.0604,
         719,         117,        11.7177,        18.1457,        10.9867,        15.7754,         0.3821,         0.4586,         0.3901,         2.3079,         0.4391,        48.8904,      1123.0688,       118.3435,         2.8621,        38.1105,         8.5908,        10.5535,         0.1284,         2.6027,         5.0865,         3.7081,         0.3158,         0.1628,         0.1848,         3.0541,         1.7653,       659.3707,         0.5127,         0.2613,         0.2708,         0.0629,
         736,         118,        12.1428,        17.7403,        11.2448,        17.0388,         0.3181,         0.4738,         0.3888,         2.7752,         0.4392,        54.8573,      1097.0955,       119.4098,         2.8015,        38.4896,         8.5154,        10.9686,         0.1172,         2.7261,         4.3316,         3.3910,         0.3224,         0.1565,         0.1891,         3.0361,         1.7730,       659.5114,         0.5120,         0.2613,         0.2672,         0.0641,
         742,         119,        11.2067,        17.4404,        11.6119,        18.1665,         0.3636,         0.4711,         0.3984,         2.8884,         0.4301,        75.6570,      1169.9298,       118.7350,         2.7295,        38.0410,         8.6640,        10.2818,         0.1367,         2.7661,         3.5821,         3.4182,         0.3320,         0.1552,         0.1868,         3.1022,         1.8072,       660.2192,         0.5126,         0.2612,         0.2707,         0.0657,
         754,         120,        12.1662,        17.1910,        11.8053,        18.3752,         0.3168,         0.4645,         0.4066,         2.7059,         0.4304,        58.0230,      1144.5896,       118.0121,         2.6919,        38.4100,         8.6864,        11.0763,         0.1273,         2.7325,         4.2409,         3.1069,         0.3263,         0.1488,         0.1908,         3.1425,         1.7937,       660.2654,         0.5116,         0.2610,         0.2700,         0.0680,
         756,         121,        12.0409,        16.7596,        12.2359,        17.6643,         0.3606,         0.4726,         0.4158,         2.6571,         0.4281,        61.1241,      1199.1311,       117.3869,         2.6702,        38.9997,         8.6317,        11.0749,         0.1106,         2.7476,         3.1663,         3.2153,         0.3316,         0.1414,         0.1947,         3.1589,         1.8012,       660.0656,         0.5086,         0.2610,         0.2664,         0.0697,
         774,         122,        11.1623,        16.3610,        12.4272,        16.7512,         0.3935,         0.4926,         0.4135,         2.2259,         0.4194,        43.8136,      1185.5542,       117.3563,         2.6934,        39.1320,         8.4826,        11.6989,         0.0948,         2.7671,         2.4403,         3.1205,         0.3410,         0.1515,         0.1985,         3.1090,         1.8478,       659.5454,         0.5133,         0.2608,         0.2618,         0.0731,
         775,         123,        11.0030,        16.5069,        12.5618,        16.9419,         0.3655,         0.5162,         0.4073,         2.1471,         0.4228,        45.9227,      1122.6688,       118.4602,         2.6210,        38.5446,         8.6323,        10.8766,         0.0773,         2.6857,         2.6937,         2.8784,         0.3321,         0.1601,         0.1984,         3.1551,         1.8420,       659.4196,         0.5084,         0.2615,         0.2600,         0.0705,
         779,         124,        11.8086,        16.5415,        12.4753,        16.9590,         0.3135,         0.5496,         0.4069,         1.9354,         0.4303,        46.5609,      1089.9576,       118.9149,         2.6645,        38.1957,         8.6269,        10.3036,         0.0973,         2.7471,         3.4236,         2.9524,         0.3347,         0.1584,         0.1986,         3.1550,         1.8196,       659.6927,         0.5106,         0.2627,         0.2648,         0.0716,
         780,         125,        11.0835,        16.0531,        12.9515,        16.6790,         0.3391,         0.5715,         0.3990,         2.2028,         0.4270,        41.1101,      1064.2783,       117.7623,         2.6895,        38.7913,         8.6623,        10.3490,         0.1152,         2.6286,         3.9741,         3.1553,         0.3240,         0.1609,         0.1990,         3.0953,         1.8321,       659.5498,         0.5072,         0.2632,         0.2690,         0.0710,
         787,         126,        10.8855,        15.9915,        12.7257,        16.7299,         0.3217,         0.5295,         0.4064,         2.5328,         0.4164,        55.2932,      1060.4697,       118.2991,         2.7377,        38.6408,         8.6252,        10.3827,         0.1361,         2.7093,         3.4845,         3.1449,         0.3292,         0.1664,         0.1976,         3.1108,         1.8471,       659.1445,         0.5055,         0.2625,         0.2730,         0.0713,
         790,         127,        11.4465,        16.1546,        12.5494,        17.5546,         0.3622,         0.5496,         0.4088,         2.4532,         0.4076,        45.9243,      1010.0372,       117.2940,         2.8078,        38.1787,         8.6854,        10.8898,         0.1567,         2.6756,         2.7332,         3.3227,         0.3254,         0.1713,         0.1960,         3.0603,         1.8070,       658.7322,         0.5013,         0.2634,         0.2749,         0.0750,
         836,         128,        10.6488,        15.8064,        12.1455,        16.8591,         0.3660,         0.5795,         0.4076,         2.0410,         0.4050,        50.9843,       978.8969,       115.9291,         2.8690,        38.2517,         8.7205,        11.1186,         0.1707,         2.6184,         2.6328,         3.4060,         0.3171,         0.1828,         0.1922,         3.0639,         1.7725,       658.8671,         0.5008,         0.2639,         0.2795,         0.0744,
         861,         129,        11.4383,        15.8776,        11.7307,        16.2404,         0.3320,         0.6039,         0.4119,         1.7858,         0.4027,        56.1017,       913.7975,       117.0956,         2.7986,        38.8299,         8.5933,        10.9335,         0.1562,         2.5527,         3.2625,         3.1286,         0.3114,         0.1877,         0.1964,         2.9997,         1.7244,       658.2216,         0.5036,         0.2649,         0.2776,         0.0726,
         864,         130,        11.0090,        16.1041,        12.0996,        15.8808,         0.3184,         0.6334,         0.4128,         2.2324,         0.3947,        52.4841,      1006.4902,       117.6613,         2.7519,        39.5264,         8.4454,        10.7536,         0.1520,         2.6133,         2.9005,         3.4222,         0.3160,         0.1807,         0.1977,         2.9446,         1.7523,       657.8116,         0.4999,         0.2661,         0.2787,         0.0752,
         867,         131,        10.0824,        16.5869,        12.2515,        15.6214,         0.3814,         0.6367,         0.4137,         2.2340,         0.3852,        59.7080,       973.5491,       117.3118,         2.8225,        40.3633,         8.4588,        11.1961,         0.1683,         2.4914,         2.3171,         3.0507,         0.3183,         0.1735,         0.1955,         2.9334,         1.7132,       657.6183,         0.5030,         0.2666,         0.2773,         0.0748,
         871,         132,        10.6857,        17.0207,        12.3648,        16.6972,         0.3320,         0.6734,         0.4179,         1.8999,         0.3819,        77.2403,      1019.6108,       116.3860,         2.8420,        40.9903,         8.4375,        11.9409,         0.1718,         2.4768,         1.7263,         2.7861,         0.3283,         0.1739,         0.1990,         2.9241,         1.6933,       657.4346,         0.5014,         0.2660,         0.2804,         0.0746,
         873,         133,        10.5688,        17.3880,        11.8780,        17.5694,         0.3595,         0.6619,         0.4262,         2.1813,         0.3762,        64.5814,      1049.3618,       116.7730,         2.8729,        40.5106,         8.4162,        11.8794,         0.1664,         2.3788,         2.5152,         2.8495,         0.3317,         0.1687,         0.1953,         2.8818,         1.6909,       657.8876,         0.5045,         0.2648,         0.2754,         0.0779,
         875,         134,        10.7312,        17.0354,        12.0744,        17.0642,         0.3445,         0.6282,         0.4280,         2.5865,         0.3855,        46.6837,      1113.6318,       117.2065,         2.8095,        40.2022,         8.5548,        11.2672,         0.1523,         2.4043,         2.5002,         2.8127,         0.3319,         0.1726,         0.1908,         2.9008,         1.7105,       657.8924,         0.5039,         0.2654,         0.2803,         0.0795,
         885,         135,        10.2685,        17.5234,        12.5432,        15.6468,         0.3739,         0.5904,         0.4267,         2.5724,         0.3767,        56.3535,      1104.1990,       117.6895,         2.7371,        40.8468,         8.5321,        10.8081,         0.1624,         2.4608,         1.4979,         3.0904,         0.3387,         0.1777,         0.1906,         2.8766,         1.7332,       657.3865,         0.5011,         0.2649,         0.2850,         0.0773,
