           1,           1,        14.8114,        20.2626,        10.7751,        23.2457,         0.4520,         0.6783,         0.3302,         3.6684,         0.4188,        86.9592,      1264.0813,       123.0734,         2.4909,        41.1384,         8.9208,        14.4276,         0.0921,         1.5243,         4.9533,         2.0618,         0.3060,         0.0760,         0.1727,         3.0339,         1.5265,       660.7965,         0.5546,         0.2751,         0.3032,         0.0983,
           3,           2,        13.9937,        20.2099,        10.5345,        23.4415,         0.3983,         0.6379,         0.3252,         3.9553,         0.4144,        96.9184,      1226.3434,       121.8767,         2.5620,        41.1062,         9.0172,        14.0416,         0.0978,         1.4226,         4.9284,         2.1288,         0.2955,         0.0855,         0.1755,         3.0585,         1.5523,       660.8101,         0.5551,         0.2758,         0.3025,         0.0982,
           5,           3,        14.7225,        20.5176,        10.2006,        24.9164,         0.3355,         0.6473,         0.3262,         4.0948,         0.4147,       112.1158,      1135.3689,       122.0607,         2.5977,        40.6659,         8.9272,        14.1785,         0.0939,         1.5057,         4.9171,         2.2811,         0.2887,         0.0924,         0.1782,         3.0421,         1.5657,       661.2446,         0.5567,         0.2761,         0.3000,         0.0982,
           7,           4,        14.5651,        20.9943,        10.1427,        24.4692,         0.3125,         0.6428,         0.3222,         4.1524,         0.4213,       126.0736,      1075.7140,       120.6492,         2.5465,        40.9411,         8.9470,        14.0462,         0.0938,         1.4553,         4.9543,         2.3137,         0.2881,         0.0974,         0.1813,         3.0055,         1.5862,       661.1529,         0.5580,         0.2763,         0.2987,         0.0970,
          20,           5,        13.8374,        21.3534,        10.2982,        24.2965,         0.3330,         0.6685,         0.3160,         4.2745,         0.4197,       103.5341,      1047.1503,       120.9537,         2.5736,        40.7347,         8.8957,        14.3734,         0.0717,         1.3438,         5.5950,         1.9598,         0.2894,         0.0964,         0.1834,         2.9998,         1.5455,       661.6826,         0.5562,         0.2771,         0.2947,         0.0944,
          21,           6,        13.2882,        21.5923,        10.3439,        23.2451,         0.3383,         0.6543,         0.3189,         4.2342,         0.4238,       115.3958,       996.1211,       121.7112,         2.5091,        40.5366,         8.8489,        15.2197,         0.0577,         1.4040,         6.2918,         1.6355,         0.2858,         0.1048,         0.1874,         3.0511,         1.5046,       661.5251,         0.5568,         0.2781,         0.2934,         0.0945,
          22,           7,        13.7323,        22.0433,        10.0615,        23.5294,         0.3873,         0.6314,         0.3221,         4.5527,         0.4163,        94.0155,      1060.1251,       121.6949,         2.4992,        41.4080,         8.7699,        15.1239,         0.0363,         1.3636,         5.2084,         1.8444,         0.2747,         0.1014,         0.1865,         3.0447,         1.4676,       661.4661,         0.5557,         0.2773,         0.2962,         0.0946,
          23,           8,        14.2058,        21.8993,        10.5078,        23.1483,         0.3829,         0.6299,         0.3250,         4.1098,         0.4153,       107.7047,      1049.4427,       120.8404,         2.4966,        41.2375,         8.8440,        14.8425,         0.0312,         1.3154,         4.0928,         1.6339,         0.2653,         0.1009,         0.1834,         2.9855,         1.4379,       661.9666,         0.5518,         0.2771,         0.2915,         0.0957,
          30,           9,        13.8775,        21.8124,        10.0887,        24.1504,         0.3945,         0.5967,         0.3240,         3.7791,         0.4261,        87.2647,      1043.1204,       121.7584,         2.4894,        40.6312,         8.7384,        14.8575,         0.0140,         1.3031,         5.0292,         1.5119,         0.2658,         0.1089,         0.1860,         2.9120,         1.4677,       661.6254,         0.5556,         0.2767,         0.2931,         0.0987,
          31,          10,        13.5918,        21.8496,        10.4438,        23.9701,         0.3740,         0.5770,         0.3232,         3.9039,         0.4355,        66.7451,       948.6080,       122.0592,         2.5022,        40.1515,         8.6849,        14.6054,         0.0296,         1.3358,         4.8621,         1.6951,         0.2546,         0.1076,         0.1831,         2.8743,         1.4709,       661.4734,         0.5530,         0.2767,         0.2972,         0.0963,
          32,          11,        12.7632,        21.6618,        10.6599,        22.3232,         0.3762,         0.5987,         0.3151,         3.4859,         0.4347,        60.6132,       936.1063,       123.3044,         2.4592,        39.5054,         8.6530,        14.5717,         0.0088,         1.3869,         4.0477,         1.7686,         0.2655,         0.1094,         0.1819,         2.8582,         1.4295,       661.8712,         0.5520,         0.2779,         0.2999,         0.0943,
          37,          12,        11.9397,        22.0211,        10.7983,        22.0251,         0.3577,         0.6159,         0.3212,         3.1996,         0.4248,        47.5061,       919.4336,       123.6001,         2.5018,        40.1078,         8.5717,        13.7847,         0.0186,         1.3682,         3.9356,         1.4639,         0.2715,         0.1077,         0.1801,         2.7869,         1.4505,       661.9068,         0.5470,         0.2792,         0.3003,         0.0954,
          45,          13,        11.0291,        21.9497,        10.9940,        20.3781,         0.3780,         0.6258,         0.3207,         3.3811,         0.4305,        24.0516,       878.8297,       122.9022,         2.4753,        40.9014,         8.7007,        14.1147,         0.0310,         1.3995,         2.9234,         1.2298,         0.2770,         0.1001,         0.1759,         2.8250,         1.4526,       661.4915,         0.5510,         0.2790,         0.3002,         0.0980,
          54,          14,        11.3834,        21.7204,        10.6175,        19.0357,         0.4027,         0.6455,         0.3167,         3.7088,         0.4280,        19.5044,       828.0999,       122.7378,         2.4396,        40.8053,         8.8268,        13.5702,         0.0389,         1.3715,         2.8005,         1.5801,         0.2767,         0.1034,         0.1788,         2.8658,         1.4662,       661.7501,         0.5554,         0.2788,         0.3035,         0.0981,
          56,          15,        11.5420,        21.4377,        10.3901,        19.9242,         0.4119,         0.6877,         0.3122,         3.9924,         0.4200,        23.1883,       785.1769,       122.7624,         2.4187,        40.8526,         8.9472,        13.3449,         0.0578,         1.3027,         1.7089,         1.5008,         0.2647,         0.0916,         0.1752,         2.8108,         1.4750,       661.7203,         0.5532,         0.2798,         0.2994,         0.0972,
          59,          16,        11.4403,        21.7394,        10.2171,        19.4445,         0.4517,         0.6832,         0.3073,         4.3058,         0.4244,        29.3367,       694.1043,       121.9128,         2.3835,        40.1033,         8.9214,        13.7449,         0.0482,         1.1802,         0.7149,         1.4396,         0.2540,         0.0931,         0.1794,         2.8855,         1.5194,       662.3674,         0.5504,         0.2788,         0.2952,         0.0981,
          60,          17,        12.3388,        22.0893,        10.0575,        17.8100,         0.3883,         0.6657,         0.3115,         4.4671,         0.4292,        25.2570,       615.2378,       122.2398,         2.3268,        39.2463,         8.7725,        14.1038,         0.0419,         1.1206,         1.7578,         1.5413,         0.2571,         0.0925,         0.1797,         2.9215,         1.5403,       662.8526,         0.5474,         0.2787,         0.2941,         0.0978,
          64,          18,        11.3763,        21.8894,        10.3017,        18.5908,         0.3756,         0.6718,         0.3185,         4.5655,         0.4291,        27.1057,       560.2476,       121.7307,         2.3280,        39.7052,         8.7926,        14.3638,         0.0305,         1.1447,         1.7370,         1.3266,         0.2679,         0.0931,         0.1779,         2.8662,         1.5888,       662.7768,         0.5445,         0.2777,         0.2910,         0.0963,
          68,          19,        10.9804,        21.7454,        10.4564,        17.1654,         0.3834,         0.7031,         0.3268,         4.4692,         0.4331,        27.5196,       466.5925,       120.5043,         2.2657,        40.5230,         8.8752,        14.1133,         0.0401,         1.0369,         2.0819,         1.5304,         0.2572,         0.0830,         0.1736,         2.8447,         1.6350,       662.9146,         0.5414,         0.2786,         0.2876,         0.0961,
          72,          20,        11.8420,        21.5227,        10.0625,        18.3310,         0.3262,         0.7170,         0.3259,         4.4650,         0.4352,        20.4554,       556.0436,       120.8881,         2.2049,        40.3826,         8.8844,        14.2288,         0.0561,         1.0051,         2.3524,         1.6784,         0.2575,         0.0766,         0.1691,         2.8037,         1.5974,       663.2903,         0.5457,         0.2784,         0.2830,         0.0985,
          74,          21,        12.4410,        21.7595,        10.5264,        17.7916,         0.3231,         0.6860,         0.3254,         4.9174,         0.4325,        27.1673,       519.3522,       120.7991,         2.1387,        40.6647,         8.9225,        14.2100,         0.0511,         1.0194,         3.4536,         1.3537,         0.2566,         0.0822,         0.1694,         2.8430,         1.6069,       662.6458,         0.5468,         0.2789,         0.2877,         0.0999,
          75,          22,        12.8264,        21.2956,        10.1914,        16.9547,         0.3803,         0.6931,         0.3349,         4.5563,         0.4414,        30.6629,       510.1345,       121.8205,         2.1405,        40.0695,         8.8254,        14.2845,         0.0644,         1.1053,         4.4289,         0.9986,         0.2612,         0.0886,         0.1733,         2.7758,         1.6467,       661.9314,         0.5448,         0.2783,         0.2856,         0.1035,
          84,          23,        12.0544,        21.7590,        10.3421,        18.4166,         0.3770,         0.6692,         0.3323,         4.4772,         0.4411,        30.0450,       570.3901,       121.9699,         2.1742,        39.9512,         8.8683,        13.9351,         0.0622,         1.0023,         4.2867,         1.2304,         0.2696,         0.1003,         0.1706,         2.8252,         1.6719,       661.9070,         0.5473,         0.2778,         0.2877,         0.1057,
          94,          24,        12.1657,        21.9611,        10.2081,        18.5576,         0.3840,         0.7005,         0.3371,         4.9128,         0.4359,        20.5666,       528.7335,       121.2146,         2.1489,        39.9617,         8.8337,        14.4886,         0.0646,         1.0343,         4.2292,         1.3800,         0.2628,         0.1059,         0.1737,         2.8710,         1.6304,       662.1149,         0.5496,         0.2774,         0.2833,         0.1061,
          98,          25,        12.3734,        22.2679,        10.3745,        20.0109,         0.3574,         0.7031,         0.3461,         4.7224,         0.4251,        28.4257,       563.0623,       120.5731,         2.0872,        39.7814,         8.8973,        15.3076,         0.0696,         1.1358,         3.3437,         1.1872,         0.2724,         0.1057,         0.1748,         2.9431,         1.5894,       661.7086,         0.5526,         0.2771,         0.2874,         0.1089,
         100,          26,        11.9767,        21.8986,        10.0672,        19.3644,         0.3525,         0.7116,         0.3425,         4.5556,         0.4173,        21.4545,       570.8338,       119.6256,         2.1173,        39.1885,         9.0423,        16.0150,         0.0874,         1.2074,         3.5060,         1.4965,         0.2626,         0.1104,         0.1752,         2.9825,         1.6233,       661.3602,         0.5568,         0.2763,         0.2880,         0.1101,
         112,          27,        12.1410,        21.7975,        10.3880,        18.7927,         0.3246,         0.6693,         0.3509,         4.3090,         0.4212,        20.6913,       591.9999,       119.6744,         2.1876,        39.4733,         9.1263,        16.3975,         0.0757,         1.2275,         2.7673,         1.1220,         0.2627,         0.1219,         0.1730,         2.9205,         1.6394,       661.8123,         0.5606,         0.2756,         0.2884,         0.1083,
         117,          28,        11.8989,        21.5413,        10.4601,        18.1537,         0.3682,         0.6327,         0.3465,         4.3820,         0.4174,        21.0113,       638.1135,       120.4483,         2.1786,        39.0778,         9.1308,        15.8137,         0.0611,         1.1271,         2.5726,         0.9184,         0.2540,         0.1333,         0.1720,         2.8476,         1.6844,       662.4476,         0.5560,         0.2757,         0.2841,         0.1083,
         120,          29,        12.4134,        21.5539,        10.7033,        16.7092,         0.4042,         0.6225,         0.3430,         3.9282,         0.4260,        23.2009,       723.0994,       119.3184,         2.2222,        38.5055,         9.2734,        15.6298,         0.0691,         1.0712,         1.9842,         0.7568,         0.2438,         0.1293,         0.1706,         2.8185,         1.6660,       662.2184,         0.5573,         0.2748,         0.2856,         0.1100,
         139,          30,        12.9142,        21.3742,        10.9509,        15.3258,         0.4436,         0.6383,         0.3473,         3.7325,         0.4357,        18.0983,       671.9459,       118.7787,         2.1807,        39.0136,         9.3541,        15.8100,         0.0653,         1.1236,         2.8014,         0.4983,         0.2556,         0.1206,         0.1670,         2.7804,         1.6699,       661.6552,         0.5613,         0.2752,         0.2820,         0.1112,
         143,          31,        12.0478,        21.3618,        11.2420,        16.9619,         0.3827,         0.6296,         0.3506,         3.6112,         0.4334,        18.5862,       721.6650,       118.1645,         2.1562,        38.6899,         9.3721,        16.4810,         0.0867,         1.0670,         3.2708,         0.2819,         0.2663,         0.1232,         0.1667,         2.8341,         1.6651,       660.9578,         0.5646,         0.2741,         0.2857,         0.1116,
         144,          32,        12.2796,        21.4311,        10.8881,        18.5725,         0.3522,         0.6270,         0.3533,         4.0117,         0.4329,        28.3022,       794.3074,       117.5276,         2.2101,        38.5752,         9.5097,        15.8568,         0.1029,         1.0623,         2.8848,         0.4022,         0.2633,         0.1185,         0.1629,         2.8658,         1.6394,       660.9452,         0.5602,         0.2743,         0.2823,         0.1113,
         145,          33,        13.1088,        21.8538,        11.3783,        17.4518,         0.3388,         0.6591,         0.3612,         4.1597,         0.4238,        19.6193,       793.0097,       118.3512,         2.2761,        38.1409,         9.6325,        15.7736,         0.1063,         1.1694,         3.7619,         0.2053,         0.2723,         0.1275,         0.1658,         2.9274,         1.6348,       661.3467,         0.5562,         0.2744,         0.2811,         0.1082,
         147,          34,        13.0984,        21.4137,        11.6190,        16.5135,         0.3705,         0.6485,         0.3659,         4.3249,         0.4266,        20.8813,       803.6306,       117.7083,         2.2930,        38.2150,         9.7618,        15.4967,         0.1072,         1.1157,         2.7861,         0.4918,         0.2718,         0.1373,         0.1703,         2.9955,         1.6825,       662.0472,         0.5557,         0.2737,         0.2801,         0.1049,
         159,          35,        13.9401,        21.3296,        11.8107,        17.4020,         0.3364,         0.6594,         0.3580,         4.0153,         0.4313,        21.6310,       838.4543,       117.4127,         2.3038,        39.0844,         9.8653,        15.2634,         0.0911,         1.0603,         2.7063,         0.6175,         0.2615,         0.1370,         0.1706,         2.9889,         1.7325,       661.3293,         0.5601,         0.2730,         0.2751,         0.1079,
         162,          36,        14.1732,        21.5416,        11.8324,        18.9456,         0.3295,         0.6608,         0.3622,         4.4027,         0.4396,        29.2327,       872.3620,       116.9827,         2.3535,        39.2676,         9.8438,        15.0867,         0.1003,         1.1684,         1.9337,         0.3461,         0.2538,         0.1336,         0.1690,         2.9216,         1.7703,       661.2948,         0.5596,         0.2733,         0.2770,         0.1095,
         168,          37,        15.0710,        21.7802,        11.3428,        17.3348,         0.3457,         0.6624,         0.3608,         4.3618,         0.4508,        30.7489,       840.6161,       117.3822,         2.3864,        39.1681,         9.8793,        15.1797,         0.0781,         1.2644,         1.9492,         0.2378,         0.2457,         0.1326,         0.1730,         2.9312,         1.7466,       661.8095,         0.5637,         0.2728,         0.2722,         0.1078,
         169,          38,        16.0656,        22.2760,        11.2147,        16.6877,         0.3375,         0.6582,         0.3651,         4.7296,         0.4548,        20.3872,       885.7617,       118.0558,         2.4065,        39.0109,         9.9864,        15.6676,         0.0853,         1.2234,         2.0220,         0.5734,         0.2530,         0.1216,         0.1726,         2.9189,         1.7406,       661.6050,         0.5637,         0.2735,         0.2684,         0.1042,
         172,          39,        15.7226,        22.0046,        11.2951,        17.9034,         0.3233,         0.6980,         0.3580,         4.7212,         0.4494,        22.0736,       840.0424,       116.9846,         2.4190,        38.2179,         9.9358,        14.9424,         0.0809,         1.2604,         1.6492,         0.2976,         0.2609,         0.1281,         0.1694,         2.8445,         1.7258,       662.1939,         0.5636,         0.2727,         0.2732,         0.1009,
         211,          40,        16.0547,        22.3782,        11.4572,        18.1715,         0.3343,         0.7259,         0.3608,         4.5402,         0.4557,        21.4298,       788.0688,       117.4337,         2.4324,        38.2011,         9.7922,        15.3185,         0.0806,         1.2003,         1.9887,         0.0095,         0.2522,         0.1225,         0.1741,         2.9116,         1.6922,       662.0986,         0.5684,         0.2720,         0.2743,         0.0991,
         217,          41,        16.8373,        22.1258,        11.1031,        17.6422,         0.3290,         0.7019,         0.3670,         4.2766,         0.4449,        18.3598,       777.7015,       116.6449,         2.4849,        37.7987,         9.6470,        14.9783,         0.0716,         1.2569,         2.0443,         0.3049,         0.2644,         0.1312,         0.1732,         2.8489,         1.6699,       661.5842,         0.5706,         0.2708,         0.2738,         0.0978,
         218,          42,        16.6592,        22.3449,        10.8673,        18.4527,         0.3065,         0.6796,         0.3739,         4.3772,         0.4557,        19.1966,       734.9996,       117.4489,         2.5456,        37.4638,         9.6454,        15.3863,         0.0765,         1.2220,         3.0705,         0.2995,         0.2765,         0.1418,         0.1713,         2.8887,         1.6501,       661.0824,         0.5676,         0.2709,         0.2697,         0.0955,
         230,          43,        15.9916,        22.5582,        10.6800,        18.5558,         0.3331,         0.6389,         0.3731,         4.5205,         0.4541,        23.1012,       784.2192,       117.9388,         2.6046,        37.8144,         9.5040,        15.2180,         0.0604,         1.3362,         2.2554,         0.6607,         0.2800,         0.1313,         0.1707,         2.8626,         1.6697,       660.7968,         0.5629,         0.2700,         0.2743,         0.0962,
         231,          44,        16.0071,        22.4949,        10.5812,        18.4718,         0.3421,         0.6316,         0.3785,         4.4135,         0.4611,        27.4178,       707.0331,       118.9500,         2.5608,        37.7989,         9.5206,        15.1488,         0.0639,         1.4332,         1.2490,         0.2907,         0.2715,         0.1208,         0.1747,         2.8500,         1.6244,       660.9308,         0.5634,         0.2702,         0.2712,         0.0965,
         236,          45,        15.9853,        22.4007,        10.7537,        17.8768,         0.3716,         0.6250,         0.3833,         3.9515,         0.4608,        25.0342,       728.8839,       120.1473,         2.5342,        38.2778,         9.6518,        15.1285,         0.0727,         1.4424,         2.2352,         0.5767,         0.2684,         0.1276,         0.1710,         2.8243,         1.5759,       660.8068,         0.5599,         0.2707,         0.2737,         0.0959,
         237,          46,        15.6558,        22.2664,        10.3274,        19.1458,         0.3497,         0.6326,         0.3909,         3.9392,         0.4717,        22.2887,       640.0151,       121.6171,         2.5575,        37.5322,         9.7406,        15.5595,         0.0713,         1.5156,         2.3882,         0.8588,         0.2642,         0.1343,         0.1670,         2.8033,         1.6003,       660.3832,         0.5621,         0.2718,         0.2704,         0.0978,
         244,          47,        16.5264,        22.0720,        10.1108,        20.5604,         0.3033,         0.6572,         0.3840,         4.3706,         0.4626,        22.1170,       550.0650,       122.5471,         2.5956,        36.9399,         9.8657,        16.1446,         0.0565,         1.4313,         1.2649,         0.7910,         0.2726,         0.1316,         0.1649,         2.7685,         1.5962,       660.3623,         0.5585,         0.2730,         0.2719,         0.0967,
         255,          48,        16.3760,        22.5166,        10.5209,        20.5598,         0.3387,         0.6336,         0.3751,         4.0841,         0.4671,        24.3714,       560.3918,       122.1621,         2.6099,        36.3965,        10.0058,        15.8640,         0.0498,         1.4150,         0.5446,         0.9003,         0.2687,         0.1425,         0.1666,         2.7376,         1.5621,       659.9869,         0.5542,         0.2737,         0.2696,         0.0952,
         260,          49,        16.2263,        22.2574,        10.3327,        20.7672,         0.3443,         0.6376,         0.3667,         4.2075,         0.4679,        25.8778,       629.2543,       122.1864,         2.5706,        36.5676,        10.0663,        16.2066,         0.0594,         1.3163,         0.4606,         1.0461,         0.2641,         0.1397,         0.1637,         2.8050,         1.5498,       659.7471,         0.5587,         0.2737,         0.2711,         0.0953,
         263,          50,        15.9996,        22.1034,        10.0138,        19.6405,         0.3196,         0.6665,         0.3713,         3.8229,         0.4791,        22.9268,       603.5491,       121.3782,         2.5365,        36.7443,        10.0680,        15.7731,         0.0672,         1.3492,         0.7524,         0.7035,         0.2670,         0.1408,         0.1657,         2.7604,         1.5347,       659.9150,         0.5557,         0.2740,         0.2722,         0.0921,
         271,          51,        16.3607,        21.8840,        10.0145,        19.0234,         0.3219,         0.6983,         0.3635,         3.6815,         0.4846,        35.9444,       558.8359,       122.4578,         2.5778,        36.3669,        10.0786,        16.0302,         0.0820,         1.2919,         0.7255,         0.9915,         0.2787,         0.1388,         0.1679,         2.7566,         1.5753,       659.7506,         0.5570,         0.2737,         0.2712,         0.0939,
         273,          52,        16.5038,        22.0795,        10.1185,        17.6221,         0.3160,         0.7189,         0.3647,         3.2319,         0.4839,        25.3004,       465.2181,       123.6422,         2.5669,        37.1534,         9.9749,        15.6421,         0.0912,         1.4141,         1.7484,         1.1435,         0.2789,         0.1411,         0.1656,         2.7481,         1.5939,       659.8669,         0.5577,         0.2739,         0.2683,         0.0932,
         275,          53,        15.7024,        21.6887,        10.0593,        16.2705,         0.3477,         0.7072,         0.3738,         2.7866,         0.4869,        16.6377,       530.9493,       122.1941,         2.5073,        36.6100,        10.0519,        15.5641,         0.0836,         1.3384,         1.0013,         1.4194,         0.2850,         0.1302,         0.1623,         2.7485,         1.5687,       659.8409,         0.5610,         0.2745,         0.2717,         0.0919,
         276,          54,        15.5648,        21.4694,        10.2759,        17.5835,         0.3304,         0.7199,         0.3800,         2.6092,         0.4811,        23.4269,       551.5364,       120.9340,         2.5733,        35.9757,         9.9886,        15.3712,         0.0784,         1.3624,         0.4671,         1.0786,         0.2838,         0.1404,         0.1620,         2.7586,         1.5511,       660.0217,         0.5649,         0.2748,         0.2668,         0.0904,
         280,          55,        16.4057,        21.7323,        10.0401,        19.2174,         0.3456,         0.6919,         0.3783,         2.9062,         0.4785,        32.9511,       537.3807,       121.9434,         2.6481,        36.4263,        10.0680,        14.7868,         0.0561,         1.2657,         0.9655,         0.9754,         0.2940,         0.1522,         0.1632,         2.7588,         1.5583,       659.4454,         0.5693,         0.2749,         0.2621,         0.0866,
         282,          56,        16.0317,        21.5166,        10.0516,        18.2507,         0.4050,         0.6779,         0.3694,         3.0657,         0.4737,        24.2411,       463.7138,       122.4999,         2.7116,        35.7571,         9.9712,        14.6188,         0.0480,         1.1580,         0.4601,         0.7942,         0.2903,         0.1490,         0.1637,         2.7909,         1.5558,       660.0078,         0.5668,         0.2745,         0.2581,         0.0900,
         287,          57,        16.8865,        21.0986,        10.1966,        17.0570,         0.3811,         0.6928,         0.3649,         3.4509,         0.4657,        27.7818,       459.1725,       123.7295,         2.6720,        35.9854,         9.9141,        15.1218,         0.0532,         1.1492,         0.4451,         0.7448,         0.2909,         0.1572,         0.1615,         2.8231,         1.5842,       659.3309,         0.5693,         0.2746,         0.2597,         0.0890,
         335,          58,        16.6858,        21.2075,        10.2988,        17.5004,         0.3685,         0.6799,         0.3650,         3.3647,         0.4606,        29.5386,       387.0668,       122.7189,         2.6321,        35.6137,         9.7900,        15.8203,         0.0747,         1.1194,         0.5960,         0.4813,         0.2973,         0.1530,         0.1616,         2.8506,         1.6152,       659.5458,         0.5733,         0.2756,         0.2612,         0.0883,
         353,          59,        15.8322,        21.2536,        10.3783,        16.2958,         0.3809,         0.6524,         0.3677,         3.2813,         0.4589,        22.0613,       341.7204,       122.3815,         2.6722,        35.9896,         9.8411,        15.3577,         0.0934,         1.1998,         1.0826,         0.6310,         0.2854,         0.1637,         0.1628,         2.8256,         1.6462,       659.0315,         0.5702,         0.2745,         0.2642,         0.0885,
         364,          60,        15.8874,        21.7110,        10.4405,        15.6753,         0.4285,         0.6530,         0.3608,         2.9402,         0.4579,        29.2707,       248.9443,       123.8617,         2.5984,        36.2656,         9.7194,        16.0000,         0.0966,         1.1676,         2.1867,         0.5844,         0.2932,         0.1532,         0.1620,         2.8897,         1.6169,       658.7164,         0.5698,         0.2755,         0.2644,         0.0848,
         370,          61,        14.8893,        21.7717,        10.8169,        14.1592,         0.4426,         0.6768,         0.3589,         2.8082,         0.4642,        25.5168,       286.1442,       124.5531,         2.5915,        36.2768,         9.6732,        16.6536,         0.0768,         1.2772,         3.1907,         0.9469,         0.3000,         0.1472,         0.1641,         2.8849,         1.5697,       657.9803,         0.5723,         0.2754,         0.2694,         0.0875,
         372,          62,        14.5875,        21.6699,        11.0720,        14.5554,         0.4740,         0.6685,         0.3640,         2.4858,         0.4618,        23.8717,       375.8776,       123.4352,         2.5396,        36.5722,         9.7850,        16.6755,         0.0924,         1.3215,         4.2558,         0.7550,         0.2968,         0.1386,         0.1595,         2.8208,         1.5650,       657.9838,         0.5766,         0.2751,         0.2663,         0.0861,
         375,          63,        15.5064,        21.3796,        10.6077,        16.1440,         0.4662,         0.6690,         0.3634,         2.6855,         0.4557,        25.6202,       446.8438,       123.8264,         2.5473,        37.4464,         9.8449,        16.9888,         0.0753,         1.2587,         4.7787,         0.8479,         0.3080,         0.1297,         0.1581,         2.8898,         1.5371,       657.2945,         0.5781,         0.2759,         0.2645,         0.0843,
         389,          64,        16.2800,        21.3993,        10.1397,        14.9946,         0.4002,         0.6441,         0.3709,         3.1603,         0.4562,        22.2250,       458.0755,       122.4644,         2.5271,        36.6855,         9.8538,        17.6909,         0.0915,         1.1756,         4.5182,         0.8997,         0.3057,         0.1316,         0.1539,         2.9210,         1.5381,       657.5847,         0.5807,         0.2757,         0.2597,         0.0817,
         395,          65,        16.3630,        21.5244,        10.1608,        15.8789,         0.4361,         0.6075,         0.3789,         2.7127,         0.4630,        22.9372,       391.2381,       122.9836,         2.5218,        36.9358,         9.9390,        18.2805,         0.1125,         1.1003,         4.6980,         0.7028,         0.3133,         0.1239,         0.1521,         2.8717,         1.5406,       657.9169,         0.5849,         0.2748,         0.2588,         0.0784,
         406,          66,        15.6603,        21.1377,        10.3291,        16.0837,         0.4075,         0.5986,         0.3876,         2.2486,         0.4583,        25.2040,       376.6789,       122.4395,         2.5155,        36.9329,        10.0139,        18.9271,         0.1000,         1.0135,         3.9375,         0.4448,         0.3037,         0.1127,         0.1522,         2.8100,         1.5899,       658.3009,         0.5810,         0.2756,         0.2576,         0.0787,
         412,          67,        15.4783,        21.0636,        10.6973,        15.2470,         0.4003,         0.6155,         0.3974,         2.6797,         0.4569,        20.9312,       370.5970,       121.0558,         2.5444,        36.9372,         9.9844,        19.4790,         0.0891,         1.1323,         3.4642,         0.3833,         0.3039,         0.1206,         0.1553,         2.7692,         1.5517,       657.6559,         0.5859,         0.2764,         0.2529,         0.0813,
         423,          68,        16.1939,        20.8542,        10.4464,        15.5141,         0.4663,         0.5998,         0.3952,         3.0502,         0.4537,        27.1639,       294.8687,       122.1186,         2.5919,        37.2194,         9.8796,        19.7408,         0.1062,         1.1879,         2.5799,         0.2496,         0.3085,         0.1099,         0.1583,         2.7673,         1.5260,       657.9933,         0.5878,         0.2766,         0.2548,         0.0843,
         424,          69,        16.1109,        21.1265,        10.3001,        16.4078,         0.4097,         0.5845,         0.3877,         3.4479,         0.4484,        22.1765,       253.3994,       122.8077,         2.6588,        37.5409,         9.7806,        20.0024,         0.0846,         1.1911,         3.5937,         0.4438,         0.3046,         0.1135,         0.1592,         2.7345,         1.5030,       657.5836,         0.5852,         0.2767,         0.2550,         0.0876,
         436,          70,        16.2610,        20.7840,        10.1659,        17.6169,         0.3989,         0.6181,         0.3916,         3.9041,         0.4464,        20.7596,       344.4893,       124.0701,         2.7048,        38.1971,         9.6634,        19.1579,         0.0878,         1.3049,         2.8947,         0.6757,         0.3109,         0.1149,         0.1567,         2.8091,         1.5373,       658.2045,         0.5858,         0.2763,         0.2553,         0.0888,
         445,          71,        15.3648,        21.2583,        10.1822,        16.3801,         0.3809,         0.6578,         0.4004,         4.2769,         0.4377,        32.4723,       388.3512,       125.5095,         2.7114,        38.7201,         9.5319,        19.8790,         0.0689,         1.3660,         3.3137,         0.5211,         0.3206,         0.1269,         0.1534,         2.7609,         1.5598,       658.3693,         0.5844,         0.2763,         0.2572,         0.0914,
         462,          72,        14.4901,        21.4236,        10.5153,        17.2154,         0.3997,         0.6524,         0.4068,         4.3621,         0.4470,        20.4217,       367.1519,       124.3535,         2.7259,        38.5509,         9.4109,        19.2759,         0.0611,         1.2565,         2.2426,         0.1472,         0.3144,         0.1391,         0.1555,         2.7524,         1.5258,       658.4298,         0.5822,         0.2767,         0.2599,         0.0928,
         472,          73,        14.4097,        21.2070,        10.8158,        18.1238,         0.3386,         0.6935,         0.4124,         4.0163,         0.4508,        24.2285,       415.2280,       125.3554,         2.7276,        37.9712,         9.3178,        20.0094,         0.0557,         1.1625,         3.2342,         0.3149,         0.3108,         0.1463,         0.1534,         2.6930,         1.5032,       658.2462,         0.5790,         0.2765,         0.2612,         0.0954,
         485,          74,        13.4983,        20.7935,        11.0280,        17.8822,         0.3588,         0.7080,         0.4132,         4.3022,         0.4490,        22.7237,       424.5665,       126.6014,         2.6761,        38.8402,         9.2819,        19.8619,         0.0501,         1.0827,         3.6036,         0.1877,         0.3073,         0.1379,         0.1544,         2.7596,         1.4865,       658.1533,         0.5832,         0.2769,         0.2582,         0.0935,
         544,          75,        13.3486,        21.0925,        11.1974,        16.7488,         0.4122,         0.6871,         0.4148,         4.4315,         0.4438,        25.0732,       394.6263,       127.2750,         2.6656,        38.2487,         9.2882,        20.1465,         0.0287,         1.1318,         3.7578,         0.5290,         0.3060,         0.1309,         0.1504,         2.6873,         1.4827,       657.8015,         0.5810,         0.2774,         0.2556,         0.0954,
         551,          76,        14.1457,        20.8364,        11.1756,        17.3907,         0.4180,         0.6584,         0.4094,         4.7821,         0.4387,        25.1773,       471.1581,       128.5709,         2.6157,        38.2696,         9.2011,        19.7281,         0.0149,         1.1697,         2.6886,         0.6173,         0.3063,         0.1237,         0.1511,         2.7414,         1.4403,       657.9089,         0.5829,         0.2768,         0.2573,         0.0964,
         569,          77,        14.0844,        21.1038,        10.9296,        16.9189,         0.4485,         0.6379,         0.4083,         4.5192,         0.4400,        22.4016,       453.6219,       128.3255,         2.5811,        37.5530,         9.2598,        20.5649,         0.0357,         1.1698,         2.7472,         0.8105,         0.3116,         0.1128,         0.1509,         2.7740,         1.4319,       657.2255,         0.5854,         0.2765,         0.2530,         0.0945,
         592,          78,        14.4488,        21.5429,        10.4703,        16.0226,         0.4678,         0.6058,         0.4040,         4.9066,         0.4333,        25.2479,       361.1865,       129.4721,         2.5234,        38.3491,         9.2353,        20.8490,         0.0287,         1.2211,         3.0078,         1.1691,         0.3196,         0.1182,         0.1543,         2.7737,         1.4759,       657.0460,         0.5810,         0.2754,         0.2512,         0.0959,
         596,          79,        14.9054,        21.3744,        10.7638,        17.1688,         0.4004,         0.6348,         0.3948,         5.0654,         0.4307,        23.3157,       364.9407,       128.8913,         2.4746,        38.1837,         9.3264,        20.8936,         0.0073,         1.3333,         2.2910,         1.1869,         0.3138,         0.1094,         0.1548,         2.8179,         1.4987,       657.3435,         0.5785,         0.2744,         0.2528,         0.0947,
         601,          80,        15.2307,        21.5114,        10.9459,        16.3470,         0.3452,         0.6095,         0.3983,         5.0410,         0.4220,        21.6499,       377.6151,       128.9103,         2.5245,        38.1752,         9.4406,        20.0560,         0.0062,         1.3131,         2.1481,         1.0528,         0.3160,         0.1145,         0.1583,         2.8793,         1.5126,       656.6517,         0.5819,         0.2754,         0.2568,         0.0933,
         605,          81,        15.9807,        21.6375,        10.4849,        17.7254,         0.3267,         0.6118,         0.4029,         4.9735,         0.4296,        21.6214,       420.8362,       129.1261,         2.5077,        38.1990,         9.3708,        19.8324,         0.0079,         1.1948,         2.3331,         0.9046,         0.3168,         0.1057,         0.1544,         2.9298,         1.5480,       655.9093,         0.5808,         0.2761,         0.2551,         0.0943,
         606,          82,        16.5116,        21.3958,        10.2311,        16.9840,         0.3750,         0.5772,         0.4113,         5.4354,         0.4268,        23.5859,       458.9632,       127.7920,         2.5558,        39.0123,         9.3284,        20.6555,         0.0071,         1.2573,         1.6230,         0.6487,         0.3048,         0.1147,         0.1572,         2.8795,         1.5962,       655.7847,         0.5820,         0.2753,         0.2590,         0.0952,
         611,          83,        17.4353,        21.3664,        10.5309,        16.2667,         0.3920,         0.5476,         0.4196,         5.4811,         0.4184,        21.6481,       539.6973,       126.4042,         2.5587,        38.8304,         9.4111,        19.8477,         0.0148,         1.1805,         2.7070,         0.7728,         0.3138,         0.1051,         0.1619,         2.8594,         1.6196,       655.6426,         0.5854,         0.2741,         0.2621,         0.0989,
         612,          84,        17.4121,        21.1641,        10.7877,        16.2645,         0.4093,         0.5203,         0.4294,         5.5253,         0.4117,        31.6692,       465.6364,       126.6120,         2.5565,        38.7337,         9.3507,        20.0536,         0.0163,         1.1861,         1.6776,         0.8447,         0.3146,         0.1019,         0.1578,         2.9289,         1.6018,       656.0693,         0.5860,         0.2737,         0.2670,         0.0981,
         613,          85,        16.8265,        21.5466,        10.4775,        15.1760,         0.4604,         0.5034,         0.4239,         5.4564,         0.4171,        26.9625,       441.4607,       126.3626,         2.5736,        39.2635,         9.3308,        19.9523,         0.0252,         1.2732,         1.8410,         0.6928,         0.3102,         0.1086,         0.1582,         2.9360,         1.5541,       655.6389,         0.5901,         0.2745,         0.2696,         0.0974,
         617,          86,        17.7399,        21.2057,        10.7011,        16.4972,         0.4314,         0.5141,         0.4311,         5.2118,         0.4139,        24.0886,       449.5829,       125.2664,         2.5209,        39.3866,         9.4023,        20.6249,         0.0432,         1.2798,         1.2473,         0.8887,         0.2984,         0.1031,         0.1565,         2.9435,         1.5701,       654.9637,         0.5863,         0.2734,         0.2670,         0.0961,
         626,          87,        16.9416,        21.4087,        10.4049,        15.3756,         0.4654,         0.4777,         0.4353,         5.5073,         0.4245,        27.4560,       487.5327,       124.8493,         2.5827,        38.7535,         9.3038,        21.1703,         0.0308,         1.2868,         1.4177,         1.1721,         0.3038,         0.1028,         0.1573,         3.0101,         1.5726,       654.5784,         0.5832,         0.2726,         0.2651,         0.0960,
         629,          88,        17.9294,        21.6999,        10.3410,        14.7692,         0.4220,         0.5107,         0.4257,         5.2653,         0.4333,        35.0278,       424.3008,       125.9699,         2.6249,        37.9353,         9.3121,        20.8832,         0.0367,         1.1969,         1.9978,         1.0516,         0.3080,         0.1083,         0.1571,         2.9639,         1.5829,       655.2944,         0.5788,         0.2720,         0.2643,         0.0983,
         632,          89,        17.1230,        21.9868,        10.2308,        14.7859,         0.3681,         0.5415,         0.4330,         5.5688,         0.4247,        25.6617,       333.7844,       127.1872,         2.6022,        38.3779,         9.2598,        20.3944,         0.0380,         1.2185,         1.8616,         1.2796,         0.3099,         0.1182,         0.1578,         2.9015,         1.5975,       656.0081,         0.5760,         0.2708,         0.2643,         0.0966,
         637,          90,        17.4661,        22.4374,        10.3243,        14.1708,         0.4137,         0.5214,         0.4368,         5.2870,         0.4154,        29.9019,       293.8434,       126.6811,         2.6480,        38.4641,         9.1897,        19.7517,         0.0239,         1.1021,         2.1404,         1.3185,         0.3100,         0.1285,         0.1594,         2.8281,         1.5774,       655.4515,         0.5771,         0.2711,         0.2623,         0.0986,
         643,          91,        16.8497,        22.0130,        10.5939,        14.8271,         0.4566,         0.5260,         0.4274,         5.1896,         0.4145,        24.3086,       213.5920,       127.8632,         2.5804,        38.1943,         9.3358,        20.4913,         0.0088,         1.1625,         2.6871,         1.5260,         0.3018,         0.1352,         0.1583,         2.8433,         1.5792,       656.0422,         0.5782,         0.2712,         0.2651,         0.0952,
         647,          92,        16.8239,        22.3515,        10.4281,        14.4855,         0.4620,         0.5437,         0.4299,         5.0342,         0.4057,        29.0235,       191.1812,       128.6152,         2.6435,        38.4649,         9.1943,        20.9080,         0.0271,         1.1528,         1.8617,         1.9001,         0.2996,         0.1319,         0.1624,         2.8070,         1.5391,       655.3700,         0.5753,         0.2717,         0.2650,         0.0943,
         678,          93,        16.0705,        22.4187,        10.4687,        15.3674,         0.4263,         0.5325,         0.4259,         5.1674,         0.4121,        23.5791,       283.5013,       128.8770,         2.6067,        38.9033,         9.2532,        20.5292,         0.0314,         1.1640,         2.6593,         2.2406,         0.3110,         0.1405,         0.1591,         2.7675,         1.5160,       656.0596,         0.5736,         0.2710,         0.2631,         0.0968,
         680,          94,        16.7062,        22.7260,        10.4425,        15.3329,         0.4914,         0.5543,         0.4305,         5.2175,         0.4048,        24.2803,       275.8200,       130.0741,         2.5768,        39.7219,         9.3599,        20.4176,         0.0210,         1.1906,         3.1765,         2.1727,         0.3019,         0.1425,         0.1633,         2.7472,         1.5113,       656.0690,         0.5709,         0.2716,         0.2643,         0.0956,
         686,          95,        16.2478,        22.7318,        10.0133,        15.0271,         0.4416,         0.5697,         0.4382,         5.3044,         0.4074,        33.8481,       347.6527,       131.0924,         2.6103,        38.9817,         9.4526,        19.5704,         0.0433,         1.3034,         2.7419,         1.9478,         0.3100,         0.1350,         0.1622,         2.7539,         1.5315,       655.4594,         0.5739,         0.2727,         0.2687,         0.0980,
         689,          96,        16.8204,        22.4389,        10.4390,        15.0837,         0.4410,         0.5962,         0.4347,         5.6761,         0.4084,        35.2187,       380.1245,       131.5645,         2.6611,        39.3408,         9.4834,        20.2625,         0.0630,         1.3884,         3.5404,         1.9542,         0.3205,         0.1252,         0.1578,         2.8038,         1.5255,       654.9996,         0.5714,         0.2738,         0.2700,         0.0981,
         693,          97,        16.3089,        22.1666,        10.2813,        15.6199,         0.3992,         0.6230,         0.4289,         5.6977,         0.4045,        25.9133,       303.5237,       132.3486,         2.7121,        39.1863,         9.5153,        20.9152,         0.0844,         1.4030,         3.0393,         1.6397,         0.3267,         0.1222,         0.1575,         2.7721,         1.4813,       655.2501,         0.5705,         0.2739,         0.2704,         0.0982,
         711,          98,        15.3663,        21.7497,        10.6516,        16.8921,         0.3723,         0.6391,         0.4268,         5.7525,         0.4033,        26.4462,       391.0879,       132.2776,         2.6797,        40.0390,         9.4444,        21.4402,         0.0755,         1.3613,         3.4360,         1.4262,         0.3356,         0.1107,         0.1571,         2.8401,         1.4420,       654.9893,         0.5717,         0.2731,         0.2676,         0.0950,
         712,          99,        15.2389,        21.7120,        10.2601,        17.0259,         0.3988,         0.6169,         0.4338,         5.7175,         0.4095,        29.4583,       412.5600,       131.5843,         2.6621,        40.1933,         9.3816,        22.1136,         0.0797,         1.4429,         3.9606,         1.4799,         0.3332,         0.1171,         0.1552,         2.8528,         1.4790,       655.6382,         0.5734,         0.2742,         0.2723,         0.0922,
         719,         100,        15.6884,        21.2958,        10.5493,        17.4124,         0.3451,         0.6258,         0.4335,         5.3214,         0.4132,        20.9297,       337.7815,       130.5820,         2.6506,        40.4377,         9.3021,        22.1428,         0.0900,         1.4986,         3.1231,         1.5748,         0.3279,         0.1249,         0.1555,         2.9041,         1.5260,       655.9858,         0.5758,         0.2737,         0.2732,         0.0957,
         721,         101,        15.6847,        21.2489,        10.8641,        18.9104,         0.3399,         0.5839,         0.4326,         5.5927,         0.4167,        33.5503,       257.2374,       131.0276,         2.6946,        39.5846,         9.4355,        21.3115,         0.1068,         1.4478,         2.7152,         1.8016,         0.3276,         0.1257,         0.1569,         2.9159,         1.5278,       655.2382,         0.5789,         0.2739,         0.2757,         0.0946,
         725,         102,        16.1007,        21.4946,        10.6842,        18.5933,         0.3254,         0.5930,         0.4260,         5.8524,         0.4058,        34.2680,       260.1026,       132.0576,         2.7012,        39.1875,         9.5341,        20.9138,         0.1151,         1.4271,         2.0330,         2.1470,         0.3156,         0.1298,         0.1524,         2.9644,         1.5450,       654.6623,         0.5770,         0.2744,         0.2730,         0.0922,
         731,         103,        15.3364,        21.0489,        10.9649,        17.2290,         0.3786,         0.6092,         0.4275,         6.0496,         0.3958,        32.7822,       200.2421,       130.7200,         2.7554,        38.8340,         9.5923,        20.1071,         0.1035,         1.4065,         1.6140,         2.0354,         0.3089,         0.1338,         0.1484,         3.0027,         1.5471,       655.0098,         0.5776,         0.2741,         0.2761,         0.0915,
         755,         104,        16.0908,        21.1188,        11.4377,        17.6296,         0.3379,         0.5720,         0.4238,         5.9418,         0.3864,        24.5595,       200.6218,       131.3413,         2.7062,        39.4737,         9.5855,        20.6473,         0.0870,         1.3257,         2.6433,         2.1875,         0.3187,         0.1249,         0.1474,         3.0267,         1.5139,       655.6440,         0.5748,         0.2748,         0.2786,         0.0883,
         756,         105,        15.9387,        20.6907,        11.3400,        17.5791,         0.3468,         0.5438,         0.4302,         5.5387,         0.3756,        34.0016,       200.4194,       129.9800,         2.6816,        40.0562,         9.6519,        21.3917,         0.0695,         1.4110,         3.2128,         2.0994,         0.3178,         0.1345,         0.1476,         3.0474,         1.5615,       655.0762,         0.5794,         0.2746,         0.2794,         0.0915,
         757,         106,        15.3274,        21.1252,        11.0469,        15.9848,         0.3955,         0.5466,         0.4222,         5.3286,         0.3736,        29.6344,       232.1817,       131.3025,         2.6669,        39.6288,         9.6592,        22.2158,         0.0797,         1.3611,         3.3688,         2.0033,         0.3123,         0.1238,         0.1506,         3.0661,         1.5639,       655.3274,         0.5752,         0.2756,         0.2829,         0.0897,
         760,         107,        15.6031,        21.3831,        10.9929,        15.5658,         0.3850,         0.5506,         0.4212,         5.0998,         0.3838,        35.2918,       206.0657,       130.3999,         2.6973,        40.4621,         9.7921,        21.7413,         0.0602,         1.2921,         3.3645,         2.3542,         0.3086,         0.1302,         0.1520,         3.1012,         1.5309,       654.6779,         0.5731,         0.2751,         0.2866,         0.0930,
         773,         108,        16.3176,        20.9836,        11.4885,        15.7540,         0.4495,         0.5900,         0.4213,         5.0310,         0.3840,        32.6240,       245.0689,       129.1008,         2.6366,        40.2323,         9.8125,        22.2579,         0.0542,         1.2762,         4.1300,         2.2889,         0.2984,         0.1379,         0.1562,         3.0976,         1.5428,       654.7233,         0.5779,         0.2741,         0.2889,         0.0914,
         780,         109,        16.8500,        20.9280,        11.9504,        15.5340,         0.4195,         0.6235,         0.4293,         4.8695,         0.3916,        34.0919,       199.0418,       129.0196,         2.6605,        39.8205,         9.9592,        22.8229,         0.0362,         1.2203,         4.4216,         2.4284,         0.3065,         0.1449,         0.1592,         3.0620,         1.5607,       655.1563,         0.5740,         0.2746,         0.2856,         0.0891,
         781,         110,        17.3941,        21.4043,        12.2617,        16.9492,         0.3582,         0.6423,         0.4266,         5.2757,         0.3960,        31.1317,       279.6082,       128.3052,         2.7006,        39.8471,        10.0426,        23.2847,         0.0381,         1.1462,         3.8490,         2.4750,         0.3064,         0.1497,         0.1614,         3.0878,         1.5764,       654.7115,         0.5757,         0.2754,         0.2813,         0.0894,
         787,         111,        17.9140,        20.9141,        11.8297,        17.4844,         0.3757,         0.6510,         0.4195,         5.4764,         0.3886,        37.5546,       281.7823,       129.4253,         2.6842,        39.4049,        10.0554,        22.8797,         0.0528,         1.1600,         3.6579,         2.4661,         0.2970,         0.1383,         0.1585,         3.1603,         1.5277,       654.5272,         0.5714,         0.2750,         0.2791,         0.0912,
         792,         112,        18.7017,        20.6372,        11.3886,        16.9608,         0.3126,         0.6630,         0.4171,         5.0577,         0.3917,        22.2701,       320.4367,       130.7140,         2.6761,        38.7239,        10.0877,        23.4039,         0.0481,         1.2044,         3.5694,         2.8254,         0.3051,         0.1316,         0.1597,         3.2286,         1.5323,       655.0210,         0.5750,         0.2753,         0.2743,         0.0911,
         794,         113,        18.7846,        20.3873,        11.4138,        16.8461,         0.3401,         0.6980,         0.4130,         5.2889,         0.3889,        36.7974,       276.3920,       130.4045,         2.6360,        38.3862,         9.9436,        22.9407,         0.0374,         1.1978,         3.0429,         2.9506,         0.2964,         0.1235,         0.1586,         3.2229,         1.4973,       655.2378,         0.5762,         0.2742,         0.2749,         0.0880,
         812,         114,        17.9578,        20.4104,        11.2091,        17.4554,         0.3771,         0.6867,         0.4100,         5.2642,         0.3879,        34.1491,       288.5085,       131.2691,         2.5794,        38.6172,        10.0157,        23.0440,         0.0272,         1.3145,         3.1148,         2.9202,         0.3016,         0.1266,         0.1580,         3.2249,         1.5349,       655.9746,         0.5749,         0.2754,         0.2759,         0.0869,
         820,         115,        17.5945,        20.2228,        10.9489,        16.3172,         0.3837,         0.6723,         0.4196,         5.6509,         0.3884,        29.3427,       293.1721,       131.9812,         2.5124,        37.9527,         9.8829,        23.1521,         0.0246,         1.3527,         4.1940,         2.9811,         0.3117,         0.1383,         0.1590,         3.1950,         1.5632,       655.8800,         0.5739,         0.2752,         0.2744,         0.0896,
         824,         116,        17.6423,        20.4218,        11.3991,        15.0335,         0.4415,         0.6302,         0.4277,         5.2605,         0.3848,        27.8270,       291.1165,       131.4524,         2.5844,        38.2025,         9.7428,        23.9929,         0.0321,         1.2810,         3.6003,         2.7307,         0.3099,         0.1377,         0.1593,         3.2379,         1.5640,       656.2811,         0.5767,         0.2750,         0.2746,         0.0916,
         836,         117,        18.5599,        20.5303,        11.3978,        15.0728,         0.4008,         0.6391,         0.4266,         5.1419,         0.3954,        32.1231,       226.8910,       132.7088,         2.5110,        37.9659,         9.6619,        23.4296,         0.0409,         1.3797,         3.7178,         2.7211,         0.3164,         0.1321,         0.1591,         3.2113,         1.5671,       655.6633,         0.5798,         0.2750,         0.2782,         0.0902,
         839,         118,        18.9642,        20.8421,        10.9407,        16.3295,         0.3535,         0.6496,         0.4259,         4.9406,         0.3921,        21.3894,       220.9080,       133.9027,         2.4804,        38.2459,         9.7000,        23.1287,         0.0619,         1.4155,         3.1759,         2.5180,         0.3213,         0.1428,         0.1589,         3.2140,         1.5679,       655.5192,         0.5836,         0.2746,         0.2815,         0.0919,
         843,         119,        18.3552,        20.7635,        11.2064,        16.2381,         0.3753,         0.6486,         0.4170,         4.6394,         0.4024,        34.9892,       227.0329,       133.7700,         2.5071,        38.3757,         9.7669,        23.6513,         0.0620,         1.3280,         3.2122,         2.8203,         0.3304,         0.1357,         0.1634,         3.1936,         1.5993,       654.9130,         0.5822,         0.2738,         0.2830,         0.0937,
         852,         120,        17.7991,        20.8645,        11.1562,        16.0633,         0.3640,         0.6450,         0.4139,         4.6343,         0.3971,        34.1369,       214.0390,       133.6309,         2.4767,        37.5355,         9.7300,        23.1629,         0.0618,         1.2550,         3.0792,         2.6154,         0.3403,         0.1450,         0.1630,         3.1952,         1.6448,       655.3018,         0.5781,         0.2749,         0.2876,         0.0942,
         858,         121,        18.7683,        21.3645,        10.6563,        16.7751,         0.3177,         0.6505,         0.4142,         4.2394,         0.3885,        22.6705,       238.0265,       133.0424,         2.5431,        37.5341,         9.7559,        22.4907,         0.0677,         1.3773,         2.9629,         2.7441,         0.3500,         0.1445,         0.1621,         3.1687,         1.6635,       655.4639,         0.5742,         0.2756,         0.2837,         0.0941,
         859,         122,        17.7813,        21.8619,        11.1269,        17.6938,         0.3038,         0.6383,         0.4060,         4.6254,         0.3777,        28.3111,       301.3967,       132.8253,         2.5872,        37.0164,         9.6512,        21.7821,         0.0720,         1.4764,         2.3136,         2.8487,         0.3553,         0.1389,         0.1642,         3.2096,         1.6456,       655.9393,         0.5717,         0.2768,         0.2842,         0.0939,
         877,         123,        17.6334,        22.2050,        11.3179,        17.3571,         0.3188,         0.6094,         0.4018,         4.4536,         0.3761,        29.1174,       362.1256,       132.8021,         2.6084,        37.5171,         9.7259,        21.0740,         0.0769,         1.5013,         1.2456,         2.9053,         0.3641,         0.1439,         0.1680,         3.2364,         1.6179,       656.1545,         0.5724,         0.2779,         0.2837,         0.0966,
         886,         124,        18.2898,        21.9116,        11.4081,        17.3107,         0.3792,         0.6339,         0.3980,         4.1389,         0.3797,        30.4052,       303.0364,       133.4639,         2.5496,        38.0454,         9.7224,        20.7981,         0.0754,         1.5513,         1.0261,         3.2735,         0.3542,         0.1407,         0.1689,         3.2889,         1.6126,       656.4953,         0.5692,         0.2768,         0.2807,         0.0942,
         890,         125,        18.3525,        21.6000,        11.4208,        15.8755,         0.4386,         0.5976,         0.3916,         4.1340,         0.3836,        29.8149,       208.5946,       132.6444,         2.5629,        38.4755,         9.8686,        21.1263,         0.0938,         1.5638,         0.8939,         3.5492,         0.3585,         0.1363,         0.1701,         3.2607,         1.5652,       656.2484,         0.5686,         0.2759,         0.2836,         0.0911,
         922,         126,        18.8380,        21.1307,        11.4839,        15.5532,         0.3844,         0.6108,         0.3894,         3.9939,         0.3749,        30.2373,       260.4322,       131.1624,         2.4997,        38.7566,        10.0086,        21.2636,         0.0962,         1.5964,         1.6209,         3.1936,         0.3646,         0.1421,         0.1728,         3.2419,         1.5939,       656.0045,         0.5703,         0.2767,         0.2869,         0.0910,
