           1,           1,        15.1603,        19.8013,        10.5675,        21.4610,         0.4752,         0.6979,         0.3223,         4.0445,         0.4142,        68.5575,      1197.8750,       123.5897,         2.4569,        40.1413,         8.8843,        13.5157,         0.0989,         1.4646,         3.1172,         2.0344,         0.3115,         0.0651,         0.1676,         2.9209,         1.4798,       660.9706,         0.5516,         0.2750,         0.2983,         0.0978,
           2,           2,        15.9287,        19.3744,        10.2129,        21.6037,         0.4321,         0.7320,         0.3283,         4.0046,         0.4219,        46.2585,      1200.1559,       124.4501,         2.4928,        39.6064,         8.8513,        13.5871,         0.0803,         1.4341,         2.2636,         1.7961,         0.3085,         0.0751,         0.1714,         2.9951,         1.4842,       661.1899,         0.5494,         0.2737,         0.3030,         0.0995,
           4,           3,        16.0102,        19.0360,        10.7029,        22.4451,         0.4085,         0.7283,         0.3221,         3.7605,         0.4328,        39.3811,      1137.5815,       125.0092,         2.4803,        40.0197,         8.8366,        12.7180,         0.0993,         1.4041,         2.8881,         1.7359,         0.3195,         0.0752,         0.1688,         3.0516,         1.4480,       660.4733,         0.5496,         0.2728,         0.3023,         0.1032,
           5,           4,        16.9090,        18.5442,        10.3690,        21.4853,         0.3677,         0.7237,         0.3146,         3.6859,         0.4427,        60.7678,      1232.4390,       123.5364,         2.4263,        39.1998,         8.8469,        13.0978,         0.1131,         1.3364,         3.5245,         2.1073,         0.3228,         0.0758,         0.1684,         3.0544,         1.4755,       661.0518,         0.5481,         0.2726,         0.3066,         0.1016,
           7,           5,        17.4492,        18.9863,        10.7010,        21.1403,         0.3781,         0.7398,         0.3090,         3.6206,         0.4452,        49.3926,      1214.3240,       122.1048,         2.4474,        38.4131,         8.9039,        12.5183,         0.1052,         1.2286,         4.4683,         1.8789,         0.3310,         0.0740,         0.1681,         3.0212,         1.4769,       661.5165,         0.5481,         0.2738,         0.3072,         0.0984,
           8,           6,        17.5127,        19.0470,        10.4651,        22.2415,         0.3172,         0.7735,         0.2996,         4.0869,         0.4431,        38.7794,      1260.0400,       123.3427,         2.4441,        38.7655,         8.8497,        12.9157,         0.0876,         1.3296,         5.4332,         1.6575,         0.3292,         0.0818,         0.1649,         3.0677,         1.4729,       661.2354,         0.5528,         0.2740,         0.3051,         0.0975,
          20,           7,        17.8037,        18.8047,        10.2785,        22.2820,         0.3121,         0.8148,         0.2920,         3.7339,         0.4483,        47.7341,      1324.7457,       123.1335,         2.4107,        38.4246,         8.7040,        13.0577,         0.0987,         1.3685,         4.8694,         1.7677,         0.3373,         0.0740,         0.1676,         3.0967,         1.4264,       660.8801,         0.5523,         0.2731,         0.3067,         0.1000,
          22,           8,        17.6406,        18.3127,        10.1851,        20.8472,         0.3415,         0.7888,         0.3015,         4.1111,         0.4565,        39.0444,      1406.3823,       122.6527,         2.3542,        37.6903,         8.8481,        13.1244,         0.1093,         1.2799,         5.4270,         1.4803,         0.3324,         0.0630,         0.1642,         3.1171,         1.3868,       660.8113,         0.5513,         0.2727,         0.3102,         0.0978,
          35,           9,        17.8095,        17.8995,        10.6243,        20.4173,         0.3283,         0.8070,         0.2999,         4.0759,         0.4504,        36.4900,      1357.4900,       122.1048,         2.3197,        37.5256,         8.8427,        12.9727,         0.1068,         1.3053,         5.2024,         1.5380,         0.3356,         0.0646,         0.1652,         3.0706,         1.3831,       660.1248,         0.5529,         0.2738,         0.3076,         0.0972,
          39,          10,        17.9380,        18.1457,        10.6020,        19.5246,         0.3613,         0.8397,         0.2953,         3.6205,         0.4567,        38.8379,      1266.6420,       121.6410,         2.3491,        37.1155,         8.9652,        13.4601,         0.1246,         1.4186,         4.3617,         1.4174,         0.3336,         0.0713,         0.1659,         3.0562,         1.3924,       660.7682,         0.5548,         0.2743,         0.3085,         0.0978,
          46,          11,        18.0871,        18.2681,        10.9039,        20.9392,         0.3329,         0.8425,         0.2885,         3.7643,         0.4595,        31.1939,      1296.0912,       120.5015,         2.3357,        37.1429,         9.0967,        13.8800,         0.1349,         1.4010,         4.9283,         1.7917,         0.3256,         0.0788,         0.1665,         2.9833,         1.4379,       661.1384,         0.5588,         0.2749,         0.3129,         0.0951,
          63,          12,        17.3075,        18.2413,        10.9953,        20.5465,         0.3292,         0.8696,         0.2957,         3.8045,         0.4549,        51.5745,      1215.0710,       121.4877,         2.3777,        37.8038,         9.1678,        13.2244,         0.1437,         1.5083,         5.1295,         1.5160,         0.3235,         0.0780,         0.1620,         2.9620,         1.4770,       660.6240,         0.5542,         0.2741,         0.3178,         0.0934,
          65,          13,        17.6158,        18.3415,        11.2961,        19.2506,         0.3686,         0.9018,         0.2877,         4.2645,         0.4621,        39.6225,      1182.4725,       120.8843,         2.4056,        37.2414,         9.1210,        12.9365,         0.1445,         1.5326,         4.0437,         1.5951,         0.3149,         0.0826,         0.1631,         2.8994,         1.4288,       661.3046,         0.5548,         0.2751,         0.3213,         0.0948,
          68,          14,        17.5104,        18.7897,        11.7186,        20.5883,         0.3380,         0.9168,         0.2798,         3.8693,         0.4726,        47.4168,      1097.9882,       120.6391,         2.3764,        37.9716,         9.0512,        12.9166,         0.1327,         1.5511,         3.9304,         1.6701,         0.3073,         0.0820,         0.1606,         2.8632,         1.4517,       661.7915,         0.5578,         0.2758,         0.3221,         0.0970,
          72,          15,        18.4461,        18.6000,        12.2045,        20.9888,         0.3311,         0.8751,         0.2812,         4.1656,         0.4646,        41.7492,      1103.8203,       119.8884,         2.3618,        37.2088,         8.9468,        12.4891,         0.1432,         1.4353,         4.7195,         1.8287,         0.3088,         0.0859,         0.1593,         2.9187,         1.4845,       662.2661,         0.5539,         0.2751,         0.3235,         0.1000,
          78,          16,        18.8177,        18.8218,        12.1591,        20.0201,         0.3310,         0.8951,         0.2814,         4.1204,         0.4586,        32.7647,      1087.2299,       119.1847,         2.4232,        36.7914,         8.8902,        11.7759,         0.1435,         1.5460,         3.8596,         1.8987,         0.3120,         0.0830,         0.1548,         2.9582,         1.4838,       661.9518,         0.5537,         0.2752,         0.3274,         0.0982,
          83,          17,        18.4301,        19.0702,        11.7109,        18.4817,         0.3463,         0.9336,         0.2914,         3.6814,         0.4607,        54.3834,      1059.9828,       118.7404,         2.3731,        36.6252,         9.0014,        12.3460,         0.1471,         1.5462,         3.0893,         2.0861,         0.3107,         0.0758,         0.1533,         2.9582,         1.4382,       661.7145,         0.5556,         0.2759,         0.3320,         0.0966,
          87,          18,        18.6935,        19.0386,        11.8008,        19.7406,         0.3767,         0.9515,         0.2946,         3.8688,         0.4658,        36.1520,      1071.4803,       118.3513,         2.3714,        36.2925,         8.9756,        11.9543,         0.1290,         1.6559,         3.5432,         2.0859,         0.3028,         0.0829,         0.1509,         2.9352,         1.4292,       662.4271,         0.5569,         0.2751,         0.3305,         0.0944,
         102,          19,        17.7502,        19.1379,        11.5814,        20.6491,         0.3417,         0.9874,         0.2912,         3.7677,         0.4753,        47.4618,      1127.0493,       117.1497,         2.4148,        35.8020,         9.0769,        12.5794,         0.1158,         1.6927,         3.7007,         2.4497,         0.2950,         0.0797,         0.1528,         2.9761,         1.4074,       661.7533,         0.5584,         0.2749,         0.3259,         0.0955,
         105,          20,        18.7022,        19.3885,        11.5375,        21.2506,         0.3435,         0.9952,         0.2844,         4.0718,         0.4803,        55.2326,      1158.4857,       116.1616,         2.3482,        36.0122,         8.9933,        12.3696,         0.1028,         1.8076,         3.2199,         2.8142,         0.2993,         0.0855,         0.1515,         2.9920,         1.4403,       661.8176,         0.5565,         0.2756,         0.3269,         0.0958,
         107,          21,        18.8757,        19.3302,        11.1382,        21.1432,         0.3361,         1.0015,         0.2933,         4.0547,         0.4756,        43.3316,      1241.3527,       115.1761,         2.4089,        36.7070,         8.9403,        12.4422,         0.0960,         1.8960,         4.2104,         2.5684,         0.2880,         0.0925,         0.1479,         2.9759,         1.4459,       661.4394,         0.5580,         0.2763,         0.3250,         0.0971,
         108,          22,        19.4159,        19.0899,        11.0975,        20.9209,         0.3340,         1.0155,         0.2998,         4.3666,         0.4748,        28.4411,      1275.5085,       113.7398,         2.3554,        37.0624,         9.0714,        11.6619,         0.1173,         1.9034,         4.7967,         2.5223,         0.2838,         0.0989,         0.1438,         2.9248,         1.4310,       661.0967,         0.5565,         0.2765,         0.3218,         0.1004,
         124,          23,        20.3704,        19.3337,        11.4951,        20.4201,         0.3501,         1.0277,         0.3097,         4.4753,         0.4666,        31.5141,      1207.8358,       113.4137,         2.3233,        37.2814,         9.1694,        11.3917,         0.1053,         1.7822,         5.7493,         2.1916,         0.2797,         0.0922,         0.1482,         2.9164,         1.4163,       661.1832,         0.5566,         0.2755,         0.3234,         0.1004,
         127,          24,        19.7813,        19.5098,        11.0739,        19.5331,         0.3753,         1.0181,         0.3036,         4.3499,         0.4708,        35.6351,      1184.8082,       114.0490,         2.3866,        36.5909,         9.1589,        11.0759,         0.0892,         1.8815,         5.7523,         2.4937,         0.2699,         0.0862,         0.1483,         2.9281,         1.4060,       661.3286,         0.5517,         0.2754,         0.3214,         0.0996,
         129,          25,        20.0827,        19.4752,        11.3907,        18.3263,         0.3845,         0.9857,         0.2957,         3.9427,         0.4808,        27.3002,      1195.6582,       114.5886,         2.3791,        36.9018,         9.0141,        11.4025,         0.1019,         1.8567,         6.8145,         2.6183,         0.2759,         0.0955,         0.1452,         2.9305,         1.4323,       660.6960,         0.5477,         0.2763,         0.3230,         0.1024,
         132,          26,        19.9848,        19.9103,        11.5766,        16.7203,         0.4136,         1.0236,         0.3045,         3.9799,         0.4876,        38.3075,      1247.5325,       115.8885,         2.4314,        37.5734,         9.0254,        11.1310,         0.1035,         1.8618,         6.9067,         2.5942,         0.2851,         0.0944,         0.1461,         2.9081,         1.3976,       661.4078,         0.5451,         0.2763,         0.3202,         0.0988,
         135,          27,        20.3469,        19.7570,        11.8422,        16.1832,         0.4701,         1.0397,         0.3116,         3.7525,         0.4946,        34.8300,      1175.5332,       114.8192,         2.4929,        36.9849,         9.0692,        11.9072,         0.0940,         1.9327,         6.5317,         2.3666,         0.2773,         0.0855,         0.1436,         2.8855,         1.3671,       661.5867,         0.5467,         0.2760,         0.3153,         0.0962,
         136,          28,        20.8138,        19.5995,        11.4857,        14.6776,         0.5159,         1.0418,         0.3192,         3.3554,         0.4924,        40.4263,      1252.2271,       113.5217,         2.4501,        36.5452,         9.1919,        11.3440,         0.1036,         1.8351,         7.6077,         2.2353,         0.2872,         0.0964,         0.1471,         2.8343,         1.4032,       661.6097,         0.5462,         0.2763,         0.3116,         0.0997,
         138,          29,        21.1697,        19.6433,        11.1116,        14.4529,         0.5284,         1.0767,         0.3138,         2.9805,         0.4904,        25.0055,      1230.6895,       112.9028,         2.4618,        37.3758,         9.3355,        10.8957,         0.0948,         1.8679,         8.0011,         2.4144,         0.2869,         0.0946,         0.1474,         2.7761,         1.4432,       661.3679,         0.5432,         0.2773,         0.3133,         0.0982,
         143,          30,        21.9077,        19.5059,        11.3030,        14.6060,         0.5518,         1.0945,         0.3179,         3.3542,         0.4930,        45.0433,      1219.3163,       113.3453,         2.4692,        36.6752,         9.2791,        10.2548,         0.1026,         1.8415,         9.0067,         2.3587,         0.2833,         0.0832,         0.1490,         2.7799,         1.4494,       661.3511,         0.5409,         0.2763,         0.3117,         0.0957,
         144,          31,        21.1644,        19.9398,        10.8529,        15.9393,         0.4859,         1.0555,         0.3171,         2.9666,         0.4861,        48.5621,      1237.8663,       114.2485,         2.5229,        36.2357,         9.2471,        10.4881,         0.1129,         1.8894,         8.6685,         2.3723,         0.2849,         0.0819,         0.1453,         2.7423,         1.4704,       661.1752,         0.5375,         0.2767,         0.3082,         0.0972,
         146,          32,        20.5684,        19.8043,        10.8117,        16.7086,         0.4521,         1.0408,         0.3131,         2.8700,         0.4788,        43.6668,      1276.3163,       115.0766,         2.4781,        35.5360,         9.0987,        10.5903,         0.1247,         1.9584,         9.2942,         2.3709,         0.2735,         0.0808,         0.1459,         2.7050,         1.4464,       661.6639,         0.5355,         0.2762,         0.3083,         0.0954,
         150,          33,        20.9823,        19.6463,        10.6180,        16.1520,         0.4793,         1.0377,         0.3147,         3.0436,         0.4893,        39.0063,      1333.4690,       114.9640,         2.4748,        34.9765,         9.1514,        10.0644,         0.1325,         1.8358,         8.1879,         2.4611,         0.2850,         0.0686,         0.1502,         2.7327,         1.4947,       662.2378,         0.5330,         0.2751,         0.3077,         0.0929,
         152,          34,        20.2676,        19.7301,        10.4510,        17.2531,         0.4135,         0.9989,         0.3152,         3.3048,         0.4928,        27.1925,      1256.8109,       114.8323,         2.4045,        35.4068,         9.2141,        10.3249,         0.1201,         1.8968,         7.8020,         2.5608,         0.2752,         0.0641,         0.1522,         2.7365,         1.5080,       662.2905,         0.5360,         0.2758,         0.3053,         0.0949,
         159,          35,        20.4214,        19.3306,        10.2127,        18.2696,         0.3719,         0.9730,         0.3125,         3.4031,         0.4943,        31.1078,      1222.3433,       115.0874,         2.4299,        35.7512,         9.1262,        10.5035,         0.1257,         1.9587,         8.2023,         2.8502,         0.2843,         0.0644,         0.1486,         2.7271,         1.5572,       662.6932,         0.5400,         0.2763,         0.3082,         0.0958,
         177,          36,        20.4583,        19.0684,        10.3007,        19.2490,         0.3299,         0.9961,         0.3041,         3.6562,         0.4964,        30.4739,      1289.6613,       114.7450,         2.4947,        35.9030,         9.2744,        10.3917,         0.1368,         1.8573,         8.6229,         2.9026,         0.2942,         0.0564,         0.1520,         2.7848,         1.5854,       663.4387,         0.5416,         0.2752,         0.3124,         0.0932,
         182,          37,        21.3389,        19.0345,        10.7693,        20.4039,         0.3529,         0.9543,         0.3052,         3.9517,         0.4911,        49.7813,      1282.2645,       113.5064,         2.5082,        35.8487,         9.2895,        11.0620,         0.1502,         1.8730,         8.8959,         2.8264,         0.2874,         0.0672,         0.1559,         2.7966,         1.5988,       663.8268,         0.5400,         0.2759,         0.3146,         0.0949,
         187,          38,        20.6587,        18.6647,        11.2070,        20.1175,         0.3331,         0.9211,         0.3048,         3.6376,         0.4800,        64.5321,      1346.9747,       114.4300,         2.5281,        35.0681,         9.3565,        11.8130,         0.1442,         1.9003,         9.4371,         2.7175,         0.2895,         0.0755,         0.1543,         2.7636,         1.6394,       663.7383,         0.5383,         0.2759,         0.3155,         0.0944,
         192,          39,        20.4407,        18.9595,        11.4830,        20.5909,         0.3126,         0.8847,         0.3018,         3.8288,         0.4763,        43.1795,      1272.7443,       114.5754,         2.5930,        34.8930,         9.2645,        12.4538,         0.1294,         2.0024,         8.9989,         2.8062,         0.2814,         0.0791,         0.1565,         2.8173,         1.5932,       664.1469,         0.5348,         0.2751,         0.3118,         0.0925,
         195,          40,        21.3358,        19.1838,        11.0046,        20.7084,         0.3293,         0.8727,         0.3040,         3.3823,         0.4809,        32.9054,      1181.0327,       115.1845,         2.6250,        35.6316,         9.3556,        12.9892,         0.1445,         2.0069,        10.1048,         3.1280,         0.2779,         0.0805,         0.1584,         2.8317,         1.5590,       664.3781,         0.5392,         0.2748,         0.3087,         0.0889,
         232,          41,        22.3120,        18.9627,        11.4978,        20.7913,         0.3488,         0.8361,         0.3000,         3.4208,         0.4749,        34.5031,      1237.0549,       113.7326,         2.5710,        34.8668,         9.2745,        12.4747,         0.1267,         2.0069,        10.3203,         3.1499,         0.2741,         0.0749,         0.1551,         2.7980,         1.5529,       664.0472,         0.5379,         0.2741,         0.3069,         0.0868,
         235,          42,        21.6226,        19.4432,        11.3399,        21.3127,         0.3159,         0.8279,         0.3099,         3.2290,         0.4742,        29.7468,      1261.0492,       113.7989,         2.5846,        35.1742,         9.3971,        13.0024,         0.1139,         1.9841,        10.8366,         3.3567,         0.2627,         0.0809,         0.1580,         2.8194,         1.5275,       664.6959,         0.5401,         0.2731,         0.3026,         0.0846,
         242,          43,        21.7129,        19.5011,        11.4604,        20.9445,         0.3331,         0.8669,         0.3038,         3.2819,         0.4713,        54.0085,      1288.1064,       112.7113,         2.6457,        35.5316,         9.5457,        12.9735,         0.1043,         1.9866,        10.1551,         3.2557,         0.2570,         0.0854,         0.1572,         2.8167,         1.5094,       664.0290,         0.5386,         0.2737,         0.3033,         0.0853,
         246,          44,        20.8742,        19.5616,        11.3657,        20.3546,         0.3412,         0.8527,         0.2966,         2.9244,         0.4682,        50.9868,      1342.8497,       113.2422,         2.6873,        35.6332,         9.4719,        12.4844,         0.1027,         2.0554,        10.2336,         3.4669,         0.2572,         0.0851,         0.1557,         2.7447,         1.5265,       663.9528,         0.5415,         0.2733,         0.3076,         0.0820,
         256,          45,        20.9042,        19.8725,        11.4691,        20.4742,         0.3510,         0.8499,         0.2880,         2.8805,         0.4608,        30.6456,      1271.7537,       114.5487,         2.7316,        35.9858,         9.3504,        12.9238,         0.1158,         2.0501,         9.4755,         3.7490,         0.2540,         0.0940,         0.1524,         2.6820,         1.4769,       663.6673,         0.5412,         0.2731,         0.3094,         0.0816,
         261,          46,        21.1107,        20.0254,        11.4030,        21.0141,         0.3550,         0.8543,         0.2873,         2.6543,         0.4547,        31.3145,      1313.8405,       113.4972,         2.7771,        35.1569,         9.3777,        12.5636,         0.1185,         2.0817,         8.6015,         3.9623,         0.2464,         0.0848,         0.1543,         2.7479,         1.4657,       663.2737,         0.5433,         0.2739,         0.3091,         0.0849,
         264,          47,        21.2226,        19.8474,        11.7084,        22.5718,         0.3284,         0.8207,         0.2881,         2.3161,         0.4636,        27.6263,      1373.2161,       112.8998,         2.7082,        35.6230,         9.2285,        13.3281,         0.1155,         2.0682,         8.2260,         3.6556,         0.2390,         0.0825,         0.1531,         2.7356,         1.4339,       662.6737,         0.5439,         0.2750,         0.3122,         0.0852,
         267,          48,        21.6535,        19.8855,        11.7351,        23.7041,         0.3193,         0.8024,         0.2860,         1.9339,         0.4679,        45.2311,      1453.9868,       113.7998,         2.7153,        35.0682,         9.2312,        12.6141,         0.1294,         2.1059,         7.5350,         3.5619,         0.2509,         0.0832,         0.1511,         2.8092,         1.4216,       662.3509,         0.5418,         0.2744,         0.3108,         0.0837,
         273,          49,        21.8937,        20.1456,        11.8541,        22.4880,         0.3008,         0.8157,         0.2856,         1.6441,         0.4682,        30.7851,      1548.6249,       112.5531,         2.7389,        35.4142,         9.2261,        12.0445,         0.1315,         2.2150,         7.8728,         3.4704,         0.2551,         0.0855,         0.1519,         2.8584,         1.4497,       662.8047,         0.5385,         0.2740,         0.3136,         0.0801,
         274,          50,        22.8423,        19.9811,        12.2930,        22.0232,         0.3247,         0.8114,         0.2952,         1.2823,         0.4586,        46.8654,      1505.5715,       112.3998,         2.7805,        36.1322,         9.2915,        11.2584,         0.1367,         2.1762,         7.8040,         3.5152,         0.2586,         0.0780,         0.1520,         2.8616,         1.4337,       662.1779,         0.5376,         0.2735,         0.3150,         0.0820,
         292,          51,        22.3506,        19.8362,        12.1903,        20.9804,         0.3525,         0.7947,         0.3031,         1.4496,         0.4496,        67.2578,      1549.1632,       113.0300,         2.7740,        36.9933,         9.2889,        11.8602,         0.1480,         2.0855,         8.8657,         3.2619,         0.2554,         0.0756,         0.1500,         2.9202,         1.3896,       662.7466,         0.5402,         0.2724,         0.3163,         0.0796,
         293,          52,        23.3080,        19.3816,        12.2899,        20.6683,         0.3045,         0.7554,         0.3019,         1.2173,         0.4438,        50.1068,      1584.2460,       113.6894,         2.8458,        36.1727,         9.2442,        11.1208,         0.1414,         2.1047,         9.5653,         3.4017,         0.2492,         0.0743,         0.1498,         2.9624,         1.4192,       662.0320,         0.5365,         0.2727,         0.3190,         0.0762,
         294,          53,        23.6912,        19.7239,        11.9956,        20.2060,         0.3279,         0.7576,         0.3011,         1.2251,         0.4429,        41.5209,      1582.2390,       112.9575,         2.9159,        35.4104,         9.2281,        11.3521,         0.1329,         1.9922,        10.0163,         3.1671,         0.2422,         0.0700,         0.1545,         2.9692,         1.3844,       661.9455,         0.5383,         0.2740,         0.3217,         0.0766,
         297,          54,        22.9356,        19.6906,        12.1448,        20.3725,         0.3198,         0.7820,         0.2970,         1.5185,         0.4354,        31.9327,      1612.9513,       111.8214,         2.9776,        35.6184,         9.0801,        11.9824,         0.1365,         2.0013,         9.4867,         2.8540,         0.2311,         0.0712,         0.1532,         3.0012,         1.4156,       661.6993,         0.5427,         0.2734,         0.3207,         0.0775,
         301,          55,        22.5121,        20.1071,        12.5951,        20.3738,         0.3225,         0.7906,         0.3017,         1.7243,         0.4270,        40.8322,      1629.8650,       112.2510,         2.9819,        35.1784,         9.0573,        12.3677,         0.1585,         1.8832,         9.2643,         2.7189,         0.2240,         0.0738,         0.1557,         3.0159,         1.4478,       661.0042,         0.5392,         0.2733,         0.3229,         0.0808,
         304,          56,        21.8490,        20.4214,        12.1626,        21.1247,         0.3150,         0.7953,         0.3063,         1.8732,         0.4238,        57.7275,      1654.2131,       111.5778,         2.9947,        34.3794,         8.9800,        12.1036,         0.1413,         1.9606,         8.6924,         2.9640,         0.2242,         0.0784,         0.1590,         2.9437,         1.4517,       660.6362,         0.5388,         0.2743,         0.3219,         0.0837,
         310,          57,        21.6761,        20.0560,        11.6787,        21.4209,         0.3219,         0.7672,         0.3139,         2.1436,         0.4200,        34.8111,      1733.9900,       110.7094,         3.0550,        34.0224,         8.8501,        12.3278,         0.1427,         2.0539,         9.3447,         2.6057,         0.2146,         0.0860,         0.1550,         2.9399,         1.4089,       660.8518,         0.5346,         0.2732,         0.3231,         0.0848,
         364,          58,        21.2974,        20.2206,        11.5134,        20.2484,         0.3488,         0.7637,         0.3130,         1.6858,         0.4309,        49.0827,      1727.4166,       111.1241,         3.0098,        34.7475,         8.8182,        13.1667,         0.1242,         1.9377,        10.0787,         2.5632,         0.2105,         0.0791,         0.1531,         3.0011,         1.4548,       661.1882,         0.5315,         0.2742,         0.3238,         0.0822,
         367,          59,        20.8306,        20.2760,        11.0481,        18.6509,         0.3454,         0.7928,         0.3121,         1.4564,         0.4276,        46.7678,      1726.7085,       110.5272,         3.0719,        34.9918,         8.8805,        12.5109,         0.1086,         1.8625,        10.9060,         2.6305,         0.2085,         0.0813,         0.1538,         3.0386,         1.4631,       661.2735,         0.5317,         0.2746,         0.3273,         0.0800,
         369,          60,        20.2774,        20.7414,        11.3639,        17.9519,         0.3407,         0.8062,         0.3072,         1.3990,         0.4250,        39.4027,      1668.5544,       109.2872,         3.0229,        35.3865,         8.8437,        12.3072,         0.1258,         1.8535,        10.0628,         2.6760,         0.1989,         0.0929,         0.1530,         3.0985,         1.4887,       661.0991,         0.5351,         0.2741,         0.3250,         0.0828,
         376,          61,        20.0923,        20.7294,        11.4860,        18.2445,         0.3243,         0.7677,         0.2993,         1.0819,         0.4185,        36.2105,      1740.5925,       110.5403,         2.9722,        35.5357,         8.9538,        11.9523,         0.1036,         1.9068,        11.0319,         2.8088,         0.1968,         0.1029,         0.1575,         3.0844,         1.5307,       660.4672,         0.5376,         0.2730,         0.3262,         0.0832,
         379,          62,        19.3608,        20.6150,        11.5334,        19.6455,         0.3486,         0.8073,         0.3073,         1.2379,         0.4104,        45.4682,      1668.8481,       109.1840,         3.0207,        35.0854,         8.8414,        11.8173,         0.1057,         1.8133,        11.0205,         2.6326,         0.1938,         0.1059,         0.1577,         3.1269,         1.4881,       659.9989,         0.5346,         0.2734,         0.3283,         0.0857,
         380,          63,        18.8823,        20.6557,        11.5807,        19.5728,         0.3304,         0.8479,         0.3121,         1.1788,         0.4186,        57.1202,      1651.1434,       110.3192,         2.9833,        35.1228,         8.8740,        12.1057,         0.1057,         1.7040,        12.1423,         2.6192,         0.1832,         0.1048,         0.1557,         3.1526,         1.4877,       660.3826,         0.5360,         0.2725,         0.3271,         0.0882,
         390,          64,        18.8696,        20.2248,        11.9828,        18.5629,         0.3511,         0.8338,         0.3111,         1.6489,         0.4289,        38.1171,      1657.8678,       108.9945,         2.9132,        34.5625,         8.9683,        11.8768,         0.1125,         1.7241,        11.5309,         2.7437,         0.1842,         0.1031,         0.1587,         3.0955,         1.4960,       659.6843,         0.5395,         0.2719,         0.3306,         0.0887,
         391,          65,        18.4272,        20.2579,        11.6679,        18.4076,         0.3428,         0.8107,         0.3085,         1.1876,         0.4203,        56.5753,      1703.7426,       109.5556,         2.9512,        34.7459,         9.0733,        11.3632,         0.1287,         1.6448,        11.5041,         2.4754,         0.1822,         0.1023,         0.1609,         3.1125,         1.5026,       660.0319,         0.5373,         0.2711,         0.3296,         0.0870,
         392,          66,        18.0080,        20.3378,        11.7200,        17.5445,         0.3689,         0.8159,         0.3030,         1.6139,         0.4189,        41.4936,      1704.7327,       108.1730,         2.9936,        35.0016,         8.9393,        11.4980,         0.1296,         1.7448,        10.6823,         2.8312,         0.1861,         0.1125,         0.1611,         3.0979,         1.4673,       660.6335,         0.5351,         0.2707,         0.3261,         0.0889,
         401,          67,        17.7926,        20.3212,        11.9599,        16.9967,         0.4148,         0.8080,         0.2997,         1.2477,         0.4153,        37.3624,      1634.8470,       106.9844,         2.9973,        35.7031,         9.0562,        11.6706,         0.1118,         1.7495,        11.3505,         2.5012,         0.1959,         0.1015,         0.1590,         3.0490,         1.4875,       660.4133,         0.5400,         0.2717,         0.3240,         0.0887,
         406,          68,        17.3260,        20.1669,        11.9458,        15.4816,         0.4682,         0.8426,         0.2901,         1.5374,         0.4183,        33.8589,      1694.5048,       108.2232,         2.9454,        35.3727,         9.0077,        11.1071,         0.0993,         1.8407,        12.1400,         2.5126,         0.1947,         0.0900,         0.1593,         3.0178,         1.4836,       661.0726,         0.5446,         0.2706,         0.3272,         0.0922,
         407,          69,        17.4777,        20.2380,        11.9065,        14.1614,         0.5235,         0.8762,         0.2870,         1.2031,         0.4196,        48.5012,      1694.6624,       108.0112,         2.8893,        35.4894,         8.9916,        11.8177,         0.1170,         1.9458,        13.0996,         2.3596,         0.1959,         0.1021,         0.1568,         3.0311,         1.5263,       661.1647,         0.5411,         0.2706,         0.3245,         0.0935,
         408,          70,        18.3721,        20.2390,        12.3918,        14.2688,         0.4624,         0.8394,         0.2945,         1.5576,         0.4288,        24.3793,      1771.2719,       107.8510,         2.8257,        34.8491,         9.0507,        11.3424,         0.1251,         2.0492,        13.6614,         2.0475,         0.1881,         0.1111,         0.1568,         3.1009,         1.5731,       660.6730,         0.5425,         0.2695,         0.3266,         0.0900,
         411,          71,        17.6066,        19.9826,        12.3070,        14.2902,         0.4314,         0.8582,         0.2899,         1.8617,         0.4293,        47.2869,      1717.2073,       108.9465,         2.7882,        35.4536,         9.0987,        12.1213,         0.1402,         1.9571,        13.2259,         2.3192,         0.1772,         0.1201,         0.1591,         3.1284,         1.5585,       660.6109,         0.5435,         0.2700,         0.3237,         0.0912,
         414,          72,        17.4959,        19.6444,        11.9240,        15.1621,         0.4482,         0.8979,         0.2940,         1.9186,         0.4209,        43.2265,      1637.9247,       108.8853,         2.7501,        34.7145,         9.0532,        11.9003,         0.1261,         2.0109,        14.1627,         2.4857,         0.1789,         0.1124,         0.1566,         3.1632,         1.5399,       661.2614,         0.5469,         0.2694,         0.3255,         0.0907,
         421,          73,        16.9733,        19.2340,        12.1025,        16.1663,         0.5110,         0.8830,         0.2916,         1.9963,         0.4135,        37.1195,      1621.0040,       109.7918,         2.7233,        35.5627,         9.0072,        11.9996,         0.1434,         2.0389,        13.6773,         2.4674,         0.1810,         0.1074,         0.1591,         3.1352,         1.4907,       661.2119,         0.5492,         0.2704,         0.3241,         0.0921,
         425,          74,        16.6058,        19.1827,        12.2887,        14.7101,         0.5580,         0.8573,         0.3014,         1.7234,         0.4211,        47.2571,      1678.2957,       110.8523,         2.6730,        35.6144,         9.1110,        11.9774,         0.1474,         2.0031,        12.5897,         2.3708,         0.1844,         0.1166,         0.1627,         3.1934,         1.4672,       661.7429,         0.5541,         0.2698,         0.3193,         0.0899,
         433,          75,        16.8136,        19.1350,        11.7977,        14.2343,         0.6151,         0.8546,         0.2917,         1.8224,         0.4204,        34.8641,      1770.8436,       110.3738,         2.7075,        35.4953,         9.2013,        11.7944,         0.1367,         2.0966,        11.6370,         2.4203,         0.1792,         0.1151,         0.1642,         3.1703,         1.4584,       662.2598,         0.5527,         0.2693,         0.3170,         0.0925,
         436,          76,        16.8548,        18.7598,        12.0386,        14.1601,         0.6478,         0.8746,         0.2882,         1.8803,         0.4315,        35.7940,      1835.3695,       109.3324,         2.7360,        35.4340,         9.1706,        11.2348,         0.1160,         2.1495,        12.6463,         2.1501,         0.1779,         0.1165,         0.1642,         3.1315,         1.4630,       661.7638,         0.5495,         0.2686,         0.3170,         0.0961,
         460,          77,        15.9958,        18.4792,        12.3868,        14.6613,         0.7027,         0.8679,         0.2978,         2.1013,         0.4370,        57.6840,      1757.1366,       108.6926,         2.8085,        35.7181,         9.1112,        11.4820,         0.1220,         2.1212,        12.8214,         2.5130,         0.1844,         0.1056,         0.1619,         3.1068,         1.4331,       661.8841,         0.5445,         0.2678,         0.3173,         0.0987,
         461,          78,        16.6013,        18.7753,        12.0406,        15.6695,         0.6356,         0.8953,         0.2991,         2.4797,         0.4446,        51.3389,      1803.2587,       109.4998,         2.8512,        36.2928,         9.0583,        11.7263,         0.1183,         2.1416,        12.9639,         2.6927,         0.1918,         0.1137,         0.1597,         3.0814,         1.4182,       661.9750,         0.5438,         0.2677,         0.3158,         0.0987,
         465,          79,        15.8135,        18.9805,        11.6863,        14.6189,         0.5700,         0.8779,         0.2997,         2.5208,         0.4444,        32.4627,      1758.4304,       109.2195,         2.8460,        36.2679,         8.9472,        10.9129,         0.1389,         2.0565,        13.1731,         2.9890,         0.1868,         0.1173,         0.1559,         3.0544,         1.4629,       661.2418,         0.5422,         0.2675,         0.3116,         0.0995,
         478,          80,        14.9159,        18.6845,        11.7234,        14.4458,         0.5536,         0.8982,         0.2926,         2.2714,         0.4476,        36.6069,      1772.7263,       109.9224,         2.8563,        35.5174,         9.0417,        10.5949,         0.1509,         1.9351,        13.5114,         3.3175,         0.1956,         0.1250,         0.1598,         2.9981,         1.4801,       660.5311,         0.5459,         0.2685,         0.3090,         0.0983,
         483,          81,        14.0348,        18.8750,        12.1940,        14.4565,         0.4967,         0.9392,         0.2845,         1.9660,         0.4446,        35.2719,      1856.5276,       109.6429,         2.8511,        35.1085,         9.1863,        10.0129,         0.1514,         1.8467,        13.5970,         3.6896,         0.2020,         0.1303,         0.1556,         2.9525,         1.4966,       660.4962,         0.5414,         0.2674,         0.3089,         0.1004,
         499,          82,        13.3483,        19.0406,        12.1524,        15.1373,         0.5217,         0.8994,         0.2886,         1.7680,         0.4371,        35.3745,      1892.3967,       110.5622,         2.9194,        34.4417,         9.2416,        10.3267,         0.1724,         1.8405,        12.7756,         3.7939,         0.2080,         0.1271,         0.1568,         2.9480,         1.5058,       660.5505,         0.5444,         0.2682,         0.3112,         0.1022,
         500,          83,        12.4743,        19.2306,        12.4510,        14.0439,         0.5773,         0.8875,         0.2845,         2.1174,         0.4379,        48.2659,      1851.4899,       110.4744,         2.9119,        34.7420,         9.3689,        10.6374,         0.1672,         1.8572,        13.6297,         3.9490,         0.2098,         0.1377,         0.1561,         2.9580,         1.5159,       660.7293,         0.5441,         0.2685,         0.3125,         0.1021,
         506,          84,        12.4014,        19.0775,        12.1719,        14.6164,         0.5565,         0.8618,         0.2746,         1.7722,         0.4362,        53.0707,      1847.6553,       111.2515,         2.8855,        33.9688,         9.5005,        10.1303,         0.1851,         1.8014,        13.5230,         4.2552,         0.2069,         0.1406,         0.1583,         2.9871,         1.5022,       660.2800,         0.5480,         0.2683,         0.3166,         0.1047,
         517,          85,        13.1363,        19.2364,        12.4401,        14.0488,         0.5333,         0.8815,         0.2754,         1.5364,         0.4267,        49.4193,      1783.9370,       112.7356,         2.8232,        33.9605,         9.4157,        10.8801,         0.1923,         1.7741,        13.1272,         4.0273,         0.2084,         0.1528,         0.1604,         2.9984,         1.5387,       659.9088,         0.5527,         0.2689,         0.3188,         0.1034,
         520,          86,        12.4159,        19.6625,        12.3162,        14.7331,         0.5218,         0.8401,         0.2813,         1.1106,         0.4374,        64.6019,      1735.9058,       113.8130,         2.8780,        34.3182,         9.3987,        11.1885,         0.2060,         1.7163,        14.2206,         3.8100,         0.2165,         0.1429,         0.1563,         2.9273,         1.5226,       660.1631,         0.5569,         0.2701,         0.3152,         0.1003,
         524,          87,        11.9597,        19.8387,        12.4121,        14.9141,         0.5387,         0.8730,         0.2857,         1.0265,         0.4459,        55.5728,      1693.0238,       114.0310,         2.8696,        34.6617,         9.2832,        10.6612,         0.2215,         1.7435,        15.0600,         3.9383,         0.2080,         0.1459,         0.1602,         2.9008,         1.4812,       660.4982,         0.5524,         0.2690,         0.3122,         0.1040,
         526,          88,        11.9755,        19.3512,        12.8383,        14.1963,         0.5094,         0.8791,         0.2845,         1.2298,         0.4435,        49.2042,      1741.3901,       115.1161,         2.8841,        34.3549,         9.2725,        10.9897,         0.2045,         1.8338,        15.9189,         3.6003,         0.2145,         0.1488,         0.1630,         2.9466,         1.4544,       660.3093,         0.5553,         0.2689,         0.3155,         0.1076,
         527,          89,        12.2559,        19.3186,        12.6914,        15.0457,         0.5568,         0.9004,         0.2893,         1.1533,         0.4402,        48.4473,      1705.2755,       116.3797,         2.8369,        34.8468,         9.4137,        10.8168,         0.1866,         1.8198,        16.8652,         3.6051,         0.2207,         0.1445,         0.1646,         2.9521,         1.4459,       660.4027,         0.5518,         0.2687,         0.3138,         0.1101,
         529,          90,        11.7947,        19.1560,        12.5931,        15.4928,         0.5461,         0.8725,         0.2851,         1.4705,         0.4297,        28.0097,      1758.8018,       115.4233,         2.7895,        34.2588,         9.3739,        11.5288,         0.1701,         1.7532,        16.4412,         3.5941,         0.2256,         0.1485,         0.1638,         2.8843,         1.4078,       660.8331,         0.5503,         0.2693,         0.3113,         0.1093,
         530,          91,        12.5354,        19.2866,        12.2159,        14.0210,         0.5713,         0.8816,         0.2906,         1.2970,         0.4296,        29.7901,      1690.1389,       114.2163,         2.8259,        34.8346,         9.4955,        12.3635,         0.1565,         1.6535,        16.5952,         3.6116,         0.2254,         0.1435,         0.1639,         2.9355,         1.3677,       661.2229,         0.5534,         0.2700,         0.3139,         0.1124,
         532,          92,        12.4353,        19.2964,        11.8069,        14.3768,         0.6175,         0.8742,         0.2960,         1.5951,         0.4375,        31.9420,      1652.2021,       113.2372,         2.7578,        34.7699,         9.5847,        11.7408,         0.1658,         1.5928,        16.9043,         3.9381,         0.2370,         0.1431,         0.1606,         2.9317,         1.3997,       660.5201,         0.5531,         0.2705,         0.3102,         0.1148,
         534,          93,        12.9914,        19.7724,        11.4735,        14.4119,         0.6196,         0.8672,         0.2990,         1.7030,         0.4316,        31.9380,      1709.2860,       111.9986,         2.7187,        34.5327,         9.5767,        12.2339,         0.1487,         1.5225,        15.8928,         3.8287,         0.2426,         0.1332,         0.1582,         2.8653,         1.3752,       661.0556,         0.5580,         0.2714,         0.3091,         0.1135,
         538,          94,        12.8698,        19.4032,        11.7625,        14.6539,         0.6093,         0.8311,         0.3076,         1.6683,         0.4280,        35.4562,      1786.0085,       112.6617,         2.7223,        34.0593,         9.6748,        12.6046,         0.1678,         1.4603,        14.8108,         3.5372,         0.2547,         0.1314,         0.1541,         2.7979,         1.3257,       660.4671,         0.5555,         0.2726,         0.3095,         0.1125,
         539,          95,        12.7917,        19.2806,        11.5657,        14.7392,         0.5813,         0.8006,         0.2996,         1.2884,         0.4247,        28.0625,      1793.4371,       112.2368,         2.7718,        33.6714,         9.8134,        12.9334,         0.1570,         1.5702,        14.4527,         3.2856,         0.2479,         0.1259,         0.1574,         2.7585,         1.3269,       660.0870,         0.5590,         0.2727,         0.3134,         0.1112,
         548,          96,        11.9654,        19.3916,        11.8191,        15.7586,         0.6219,         0.7875,         0.2994,         1.3798,         0.4341,        40.0408,      1717.0977,       112.0740,         2.7270,        33.7969,         9.7307,        12.3841,         0.1368,         1.5975,        14.2600,         3.4024,         0.2407,         0.1190,         0.1567,         2.7192,         1.3271,       660.4766,         0.5640,         0.2732,         0.3136,         0.1077,
         550,          97,        11.1198,        18.9645,        11.5210,        15.7250,         0.5923,         0.7515,         0.2974,         1.3760,         0.4239,        44.5645,      1765.2748,       113.1914,         2.7893,        33.1592,         9.8638,        11.5539,         0.1459,         1.6648,        14.6654,         3.5440,         0.2377,         0.1166,         0.1608,         2.6914,         1.3064,       660.2509,         0.5629,         0.2733,         0.3138,         0.1084,
         551,          98,        11.7566,        18.6966,        11.4211,        14.7217,         0.6291,         0.7847,         0.3009,         1.4270,         0.4227,        42.7729,      1677.5571,       111.8548,         2.7647,        33.1665,         9.9234,        11.5397,         0.1428,         1.6258,        15.3523,         3.5427,         0.2372,         0.1101,         0.1618,         2.7269,         1.3264,       660.1920,         0.5583,         0.2724,         0.3121,         0.1117,
         552,          99,        11.2680,        19.0957,        11.6168,        15.0509,         0.6855,         0.8171,         0.3018,         1.3694,         0.4302,        28.2467,      1730.3340,       112.7114,         2.8248,        32.8900,        10.0138,        10.9771,         0.1345,         1.7051,        14.2384,         3.4404,         0.2385,         0.1160,         0.1650,         2.6849,         1.3174,       660.4612,         0.5602,         0.2734,         0.3082,         0.1111,
         556,         100,        11.2058,        18.7367,        11.6358,        14.2905,         0.6990,         0.8449,         0.3002,         1.5521,         0.4388,        31.4504,      1790.4391,       112.4828,         2.8335,        32.5643,        10.0392,        10.9821,         0.1424,         1.8144,        13.7098,         3.3473,         0.2356,         0.1119,         0.1620,         2.6923,         1.3196,       660.7797,         0.5608,         0.2725,         0.3110,         0.1119,
         557,         101,        11.2610,        18.2988,        12.1330,        14.4948,         0.6486,         0.8387,         0.3035,         1.8073,         0.4493,        31.2648,      1877.0680,       113.1258,         2.8292,        32.1136,         9.9552,        11.6078,         0.1311,         1.8935,        13.8932,         3.3149,         0.2387,         0.1016,         0.1590,         2.7117,         1.3061,       660.2623,         0.5590,         0.2734,         0.3115,         0.1155,
         568,         102,        11.1094,        17.9888,        11.9221,        15.7462,         0.6577,         0.8017,         0.3012,         1.3666,         0.4484,        26.7739,      1891.9039,       112.0913,         2.8000,        32.5084,         9.9681,        11.7893,         0.1399,         2.0084,        13.2016,         3.1017,         0.2396,         0.0953,         0.1632,         2.6717,         1.3019,       660.0489,         0.5587,         0.2724,         0.3097,         0.1156,
         569,         103,        11.9876,        17.6641,        11.6512,        16.2032,         0.6371,         0.7695,         0.3092,         1.5693,         0.4522,        38.1717,      1876.5842,       113.2136,         2.8744,        31.8906,         9.9310,        11.5103,         0.1493,         2.0464,        13.3339,         3.3342,         0.2382,         0.1021,         0.1671,         2.7078,         1.2797,       659.3076,         0.5615,         0.2713,         0.3067,         0.1126,
         572,         104,        11.8958,        17.1950,        11.2939,        17.3033,         0.5712,         0.8118,         0.3129,         1.1614,         0.4628,        27.4436,      1913.1180,       112.3831,         2.8420,        31.0194,        10.0207,        11.8239,         0.1444,         2.1239,        14.3368,         3.4325,         0.2316,         0.1119,         0.1648,         2.7239,         1.2548,       659.3680,         0.5644,         0.2708,         0.3092,         0.1139,
         573,         105,        12.2767,        17.1372,        11.2725,        16.8413,         0.5153,         0.8280,         0.3126,         1.2786,         0.4548,        36.2667,      1860.5167,       111.2119,         2.8496,        31.8780,        10.0846,        12.0718,         0.1464,         2.2057,        13.4812,         3.2859,         0.2297,         0.1188,         0.1622,         2.6728,         1.2718,       659.3677,         0.5671,         0.2719,         0.3056,         0.1114,
         580,         106,        12.7987,        17.3026,        11.6481,        16.6103,         0.4842,         0.8415,         0.3152,         1.4717,         0.4630,        29.0410,      1914.0001,       109.7356,         2.7906,        32.5995,        10.0515,        11.5750,         0.1418,         2.2910,        13.3048,         3.2139,         0.2407,         0.1158,         0.1582,         2.6162,         1.2863,       658.6581,         0.5657,         0.2716,         0.3018,         0.1119,
         586,         107,        12.8649,        17.7345,        11.2698,        15.0550,         0.5423,         0.8287,         0.3230,         1.1390,         0.4654,        34.4631,      1852.3936,       110.5840,         2.7835,        32.7957,        10.0355,        11.6178,         0.1318,         2.2095,        14.3632,         3.3939,         0.2476,         0.1046,         0.1615,         2.6761,         1.3068,       658.9924,         0.5673,         0.2720,         0.3046,         0.1127,
         602,         108,        11.9773,        17.6975,        10.9557,        15.6382,         0.5562,         0.8564,         0.3154,         1.2768,         0.4731,        40.3614,      1794.3440,       111.2282,         2.8350,        31.9536,        10.0533,        11.2542,         0.1508,         2.1891,        15.0464,         3.3217,         0.2374,         0.1158,         0.1588,         2.7466,         1.3036,       658.3793,         0.5640,         0.2719,         0.3014,         0.1117,
         603,         109,        12.2996,        17.5585,        11.1817,        15.6985,         0.5171,         0.8914,         0.3177,         1.5757,         0.4823,        27.6573,      1742.6422,       110.7906,         2.7728,        31.4031,         9.9905,        10.9435,         0.1361,         2.1466,        15.0918,         3.2610,         0.2470,         0.1133,         0.1623,         2.7903,         1.2898,       658.2151,         0.5679,         0.2709,         0.2975,         0.1146,
         609,         110,        11.8746,        17.2454,        10.8224,        17.2244,         0.4714,         0.9000,         0.3089,         1.2160,         0.4824,        41.8488,      1728.9061,       110.4442,         2.7530,        30.7964,        10.1316,        10.6613,         0.1348,         2.0945,        15.5095,         3.4878,         0.2488,         0.1231,         0.1644,         2.8012,         1.2834,       658.3840,         0.5717,         0.2713,         0.2994,         0.1152,
         612,         111,        11.5567,        17.6097,        10.4244,        16.1577,         0.5258,         0.8623,         0.3058,         1.1018,         0.4781,        41.4278,      1747.0527,       110.7946,         2.8248,        30.2679,        10.1888,        11.2150,         0.1506,         2.0720,        16.4816,         3.3860,         0.2608,         0.1352,         0.1634,         2.8086,         1.2574,       658.8772,         0.5764,         0.2716,         0.2972,         0.1117,
         614,         112,        11.4904,        17.3259,        10.5181,        16.3406,         0.5537,         0.8828,         0.3140,         1.4226,         0.4863,        45.1214,      1729.9374,       112.1815,         2.8656,        30.3046,        10.2836,        12.0266,         0.1620,         2.1645,        16.1019,         3.6363,         0.2499,         0.1263,         0.1637,         2.8494,         1.2837,       659.4224,         0.5767,         0.2715,         0.2940,         0.1126,
         618,         113,        11.4692,        17.5134,        10.8571,        15.1070,         0.5966,         0.8844,         0.3142,         1.4400,         0.4847,        33.9682,      1671.9679,       111.4101,         2.8867,        29.7003,        10.3388,        11.2332,         0.1580,         2.1941,        16.4276,         3.7523,         0.2599,         0.1320,         0.1626,         2.8274,         1.2604,       658.9417,         0.5772,         0.2714,         0.2975,         0.1093,
         621,         114,        10.9863,        17.4970,        10.4343,        16.0276,         0.6571,         0.8879,         0.3134,         1.4702,         0.4890,        33.4327,      1749.7650,       112.0245,         2.8767,        29.6460,        10.3531,        11.8537,         0.1384,         2.1259,        16.4304,         3.8277,         0.2718,         0.1226,         0.1609,         2.7728,         1.2176,       658.5952,         0.5772,         0.2723,         0.3003,         0.1111,
         628,         115,        11.1017,        17.0638,        10.7900,        15.2790,         0.6194,         0.8868,         0.3109,         1.4391,         0.4922,        25.4638,      1819.4296,       112.5735,         2.8647,        29.5765,        10.2325,        12.2206,         0.1252,         2.0933,        17.1355,         4.1910,         0.2708,         0.1134,         0.1610,         2.7877,         1.2059,       659.1911,         0.5735,         0.2727,         0.3016,         0.1100,
         629,         116,        11.8230,        17.0232,        11.0014,        16.6092,         0.5879,         0.9039,         0.3026,         1.2297,         0.4940,        41.4577,      1896.5609,       112.1926,         2.8985,        29.7754,        10.3184,        13.0604,         0.1260,         2.0589,        17.9019,         4.2197,         0.2747,         0.1218,         0.1641,         2.8069,         1.1802,       659.1463,         0.5754,         0.2717,         0.3033,         0.1114,
         633,         117,        12.0538,        17.4842,        10.8666,        17.0314,         0.5398,         0.8683,         0.3051,         1.1507,         0.4929,        61.3532,      1944.3895,       112.9362,         2.8288,        30.4398,        10.2572,        13.4750,         0.1403,         2.1650,        17.9259,         4.4014,         0.2786,         0.1142,         0.1596,         2.8185,         1.1591,       658.6110,         0.5736,         0.2716,         0.3046,         0.1122,
         635,         118,        11.7844,        17.9168,        11.3609,        16.1987,         0.5513,         0.8355,         0.3135,         1.1623,         0.4874,        50.1076,      1941.5775,       112.9392,         2.8145,        29.5665,        10.2189,        13.4707,         0.1494,         2.1826,        18.4371,         4.7040,         0.2902,         0.1240,         0.1562,         2.7885,         1.1762,       658.2032,         0.5736,         0.2727,         0.2997,         0.1094,
         636,         119,        12.1615,        17.6510,        10.9523,        16.0498,         0.6064,         0.8631,         0.3149,         1.6204,         0.4855,        32.8549,      1944.7697,       111.4582,         2.8098,        29.6580,        10.2116,        13.2632,         0.1634,         2.1888,        17.4315,         4.3606,         0.2842,         0.1359,         0.1566,         2.8371,         1.2161,       657.9739,         0.5689,         0.2738,         0.2962,         0.1126,
         650,         120,        12.0763,        17.4566,        11.2415,        16.4925,         0.6149,         0.8485,         0.3248,         1.4191,         0.4880,        33.6824,      2002.5598,       112.8746,         2.8058,        29.2187,        10.2334,        13.9384,         0.1524,         2.1896,        17.3685,         4.4553,         0.2836,         0.1275,         0.1587,         2.8860,         1.1989,       658.1516,         0.5690,         0.2742,         0.2963,         0.1139,
         669,         121,        12.8824,        17.6652,        11.6155,        17.2415,         0.6271,         0.8155,         0.3293,         1.7733,         0.4972,        28.1339,      1920.1624,       112.3029,         2.7851,        28.5109,        10.2510,        13.9863,         0.1339,         2.2728,        16.5375,         4.4632,         0.2726,         0.1311,         0.1633,         2.8972,         1.1638,       658.6744,         0.5680,         0.2729,         0.2918,         0.1133,
         678,         122,        11.9268,        17.4868,        12.0867,        17.1873,         0.5797,         0.8015,         0.3246,         2.0981,         0.4985,        38.3020,      1929.8722,       113.7691,         2.7241,        28.9611,        10.3452,        13.8893,         0.1304,         2.3681,        17.1049,         4.6008,         0.2713,         0.1206,         0.1624,         2.8586,         1.1505,       658.0591,         0.5655,         0.2739,         0.2886,         0.1122,
         680,         123,        11.1454,        17.9497,        11.6961,        16.0193,         0.6288,         0.8422,         0.3186,         2.1322,         0.4945,        28.0687,      1975.9082,       114.4106,         2.7428,        29.1347,        10.3678,        13.7645,         0.1151,         2.4196,        16.8386,         4.9025,         0.2630,         0.1255,         0.1604,         2.8834,         1.1361,       657.9999,         0.5620,         0.2740,         0.2885,         0.1088,
         681,         124,        11.1279,        17.6511,        11.8918,        15.1658,         0.6484,         0.8343,         0.3179,         2.2714,         0.4983,        28.2636,      2017.1437,       115.2654,         2.6810,        29.7924,        10.3496,        14.1453,         0.1220,         2.5163,        17.3621,         5.0174,         0.2696,         0.1278,         0.1564,         2.8990,         1.1431,       657.5021,         0.5636,         0.2732,         0.2893,         0.1062,
         682,         125,        11.7824,        17.8935,        11.9906,        15.8409,         0.6518,         0.7967,         0.3223,         2.1605,         0.4996,        38.9078,      1929.1019,       116.4143,         2.6121,        30.1121,        10.4181,        14.4374,         0.1012,         2.5828,        17.4113,         5.0727,         0.2686,         0.1285,         0.1603,         2.9461,         1.1048,       656.7941,         0.5610,         0.2742,         0.2844,         0.1042,
         683,         126,        11.5495,        17.5616,        11.6912,        17.4045,         0.6789,         0.7787,         0.3149,         2.3975,         0.4911,        38.7901,      1855.8225,       116.2885,         2.6586,        30.8970,        10.3294,        13.8195,         0.1203,         2.5686,        16.9858,         4.8960,         0.2792,         0.1255,         0.1601,         2.8741,         1.0733,       656.6642,         0.5586,         0.2743,         0.2874,         0.1036,
         692,         127,        10.7808,        17.1953,        11.9669,        15.9228,         0.7426,         0.7823,         0.3244,         2.1755,         0.4995,        27.2453,      1906.8751,       116.0414,         2.6773,        30.6135,        10.3913,        14.4307,         0.1368,         2.6433,        17.6491,         4.6481,         0.2837,         0.1133,         0.1574,         2.8102,         1.0427,       656.8024,         0.5619,         0.2742,         0.2922,         0.1058,
         698,         128,        11.2388,        17.0948,        11.7847,        17.3061,         0.7601,         0.7884,         0.3312,         2.6044,         0.4906,        32.5430,      1981.6022,       115.6987,         2.6039,        30.4334,        10.4491,        13.5995,         0.1270,         2.7315,        17.2843,         4.4861,         0.2765,         0.1251,         0.1573,         2.7942,         1.0867,       656.2322,         0.5615,         0.2751,         0.2919,         0.1057,
         701,         129,        11.6178,        17.5461,        12.0159,        16.3451,         0.7271,         0.7621,         0.3247,         2.5080,         0.4877,        55.0538,      1979.7583,       115.4202,         2.5405,        29.8279,        10.4437,        12.7912,         0.1223,         2.7436,        17.4184,         4.5765,         0.2707,         0.1207,         0.1619,         2.8431,         1.0926,       656.6829,         0.5613,         0.2756,         0.2895,         0.1055,
         702,         130,        11.4967,        17.7160,        12.4617,        15.0271,         0.7477,         0.7406,         0.3216,         2.4208,         0.4876,        41.3738,      2039.0447,       115.3236,         2.4938,        29.1385,        10.3198,        12.4774,         0.1006,         2.8135,        17.4157,         4.2343,         0.2801,         0.1228,         0.1638,         2.7853,         1.1341,       657.0939,         0.5623,         0.2755,         0.2918,         0.1034,
         703,         131,        12.1064,        17.9417,        12.8407,        15.2122,         0.7449,         0.7725,         0.3184,         2.8563,         0.4924,        42.9135,      2059.3655,       116.2005,         2.5185,        28.7924,        10.3941,        12.1211,         0.1061,         2.9161,        16.6413,         4.2949,         0.2747,         0.1292,         0.1600,         2.7651,         1.1796,       657.3976,         0.5616,         0.2748,         0.2893,         0.1064,
         707,         132,        11.4778,        18.3957,        13.0989,        14.4376,         0.7067,         0.7873,         0.3132,         2.7207,         0.4853,        28.8238,      2005.6512,       115.1861,         2.5173,        28.8015,        10.3258,        12.5281,         0.1029,         3.0104,        15.9654,         4.5701,         0.2835,         0.1261,         0.1594,         2.8200,         1.1347,       657.5218,         0.5641,         0.2736,         0.2906,         0.1076,
         716,         133,        11.3179,        18.6731,        12.6754,        15.5207,         0.7597,         0.7531,         0.3078,         3.1574,         0.4951,        28.2906,      1981.3660,       115.5225,         2.5763,        29.5265,        10.1908,        12.3939,         0.0893,         2.9248,        16.7863,         4.3132,         0.2834,         0.1149,         0.1623,         2.8630,         1.0876,       658.1113,         0.5684,         0.2730,         0.2941,         0.1109,
         736,         134,        10.4491,        18.1786,        13.0301,        15.6986,         0.7929,         0.7449,         0.3080,         2.7881,         0.4916,        35.7541,      1949.7689,       116.2770,         2.5634,        29.0576,        10.2991,        12.4719,         0.0705,         2.9691,        16.2437,         4.5379,         0.2870,         0.1096,         0.1625,         2.8625,         1.0756,       657.7233,         0.5696,         0.2726,         0.2975,         0.1075,
         741,         135,        10.3150,        18.5023,        12.5314,        14.8512,         0.8349,         0.7284,         0.3117,         2.5964,         0.4815,        39.2553,      2006.4730,       114.8899,         2.5235,        29.3404,        10.2063,        11.9985,         0.0592,         3.0607,        16.7589,         4.2728,         0.2813,         0.1089,         0.1581,         2.8062,         1.1195,       657.6740,         0.5658,         0.2735,         0.3022,         0.1070,
         744,         136,        11.1387,        18.4685,        12.7058,        15.5961,         0.8099,         0.7281,         0.3141,         2.9360,         0.4895,        42.2800,      2041.3557,       113.9232,         2.4707,        29.4459,        10.3064,        11.8591,         0.0780,         3.1358,        15.7191,         4.5135,         0.2785,         0.0989,         0.1547,         2.8463,         1.1283,       658.3047,         0.5690,         0.2730,         0.3018,         0.1075,
         750,         137,        10.2677,        18.3316,        12.4306,        15.5085,         0.7626,         0.7044,         0.3165,         3.2767,         0.4894,        47.1800,      2088.7236,       115.0809,         2.5364,        30.2370,        10.1789,        11.2153,         0.0926,         3.0662,        16.6643,         4.6975,         0.2811,         0.0970,         0.1504,         2.7962,         1.1622,       658.6935,         0.5738,         0.2725,         0.3019,         0.1057,
         753,         138,        10.7479,        18.2469,        12.8173,        14.7501,         0.7463,         0.7247,         0.3169,         3.0774,         0.4945,        58.9094,      2141.6926,       115.9486,         2.5410,        30.3883,        10.1509,        10.6913,         0.1086,         3.0039,        17.3082,         4.7098,         0.2878,         0.0888,         0.1477,         2.8603,         1.2046,       658.9901,         0.5764,         0.2737,         0.3053,         0.1028,
         754,         139,        10.2841,        18.1657,        12.5709,        14.6633,         0.8074,         0.6825,         0.3250,         3.4489,         0.4941,        48.4657,      2199.9680,       115.9949,         2.5597,        29.6234,        10.0127,        10.6775,         0.1209,         2.9461,        16.8257,         4.3720,         0.2892,         0.0876,         0.1459,         2.9085,         1.2425,       658.8273,         0.5726,         0.2748,         0.3058,         0.1057,
         756,         140,        10.0341,        18.2093,        12.3169,        15.3458,         0.7417,         0.6968,         0.3338,         3.7764,         0.4961,        39.2481,      2238.0090,       116.7320,         2.5066,        29.1615,        10.0956,        10.1218,         0.1140,         2.9973,        16.9174,         4.3581,         0.3011,         0.0946,         0.1467,         2.9420,         1.2104,       659.0338,         0.5734,         0.2746,         0.3023,         0.1071,
         760,         141,        10.2918,        17.8596,        12.4636,        15.4854,         0.7517,         0.7146,         0.3333,         4.1275,         0.4860,        32.3406,      2314.6763,       116.2087,         2.5264,        28.9173,        10.2202,        10.6916,         0.1100,         2.9702,        16.7508,         4.5664,         0.2993,         0.0874,         0.1488,         2.8808,         1.2203,       659.6985,         0.5714,         0.2748,         0.3056,         0.1077,
         778,         142,        10.8996,        17.9870,        12.0632,        14.3339,         0.6866,         0.7073,         0.3312,         4.1724,         0.4895,        36.0972,      2286.2983,       117.3293,         2.4661,        28.3219,        10.1568,        10.3397,         0.1102,         2.8877,        15.8924,         4.4226,         0.3038,         0.0902,         0.1515,         2.8218,         1.1957,       659.6981,         0.5671,         0.2737,         0.3053,         0.1066,
         782,         143,        10.2283,        18.0702,        11.5672,        15.3046,         0.7033,         0.6879,         0.3213,         3.9722,         0.4909,        31.3082,      2312.5020,       116.4802,         2.5252,        29.0990,        10.1886,        10.3540,         0.1119,         2.7796,        16.2496,         4.7900,         0.3088,         0.0950,         0.1482,         2.8100,         1.2385,       659.6890,         0.5718,         0.2738,         0.3053,         0.1073,
         794,         144,        10.1964,        17.5850,        11.5198,        15.4120,         0.7459,         0.6890,         0.3225,         4.0529,         0.4875,        31.6452,      2318.5872,       116.3032,         2.5699,        28.7254,        10.2827,        10.2049,         0.0927,         2.8202,        16.6526,         4.5639,         0.3085,         0.0867,         0.1515,         2.8612,         1.2525,       659.7870,         0.5685,         0.2728,         0.3069,         0.1049,
         803,         145,        10.6666,        17.6996,        11.7462,        15.8015,         0.8026,         0.7109,         0.3156,         4.2868,         0.4878,        27.6108,      2396.2053,       116.2952,         2.6389,        29.0644,        10.1492,        10.3375,         0.0896,         2.8191,        16.2693,         4.4338,         0.3156,         0.0965,         0.1541,         2.8396,         1.2167,       659.9396,         0.5707,         0.2727,         0.3064,         0.1040,
         808,         146,        11.2220,        17.4496,        12.0467,        14.5543,         0.8442,         0.6770,         0.3097,         4.6050,         0.4813,        33.5184,      2307.4045,       115.9712,         2.6738,        29.5633,        10.0109,        10.5122,         0.0956,         2.8155,        16.6921,         4.3770,         0.3145,         0.1033,         0.1558,         2.8742,         1.1979,       660.3597,         0.5737,         0.2717,         0.3062,         0.1066,
         813,         147,        10.5477,        17.0851,        11.9852,        14.9519,         0.8697,         0.7034,         0.3064,         4.9107,         0.4719,        28.4920,      2267.4355,       117.2433,         2.7433,        29.0019,        10.0278,        10.8513,         0.1066,         2.8148,        16.8231,         4.6372,         0.3207,         0.1117,         0.1560,         2.8594,         1.1860,       659.7211,         0.5734,         0.2710,         0.3031,         0.1044,
         821,         148,        10.1956,        17.1921,        12.3799,        14.3822,         0.8998,         0.7131,         0.3031,         4.5851,         0.4741,        38.2945,      2268.6597,       115.9195,         2.7272,        28.2854,         9.9546,        11.5566,         0.0874,         2.7197,        16.8662,         4.4057,         0.3205,         0.1070,         0.1564,         2.9280,         1.2279,       659.9241,         0.5776,         0.2719,         0.3042,         0.1064,
         823,         149,        11.0928,        17.6341,        11.9256,        15.0236,         0.8698,         0.7181,         0.3108,         4.7200,         0.4700,        34.0449,      2198.6777,       114.7446,         2.7675,        27.8892,        10.0929,        10.9013,         0.0807,         2.6881,        16.1403,         4.5450,         0.3271,         0.1191,         0.1577,         2.9172,         1.1871,       659.1794,         0.5728,         0.2721,         0.3018,         0.1038,
         824,         150,        11.4772,        17.9093,        11.6239,        14.1133,         0.8982,         0.7548,         0.3164,         4.4120,         0.4809,        46.6142,      2135.8652,       114.0601,         2.7097,        27.3153,         9.9438,        10.4922,         0.0882,         2.6753,        15.1928,         4.6624,         0.3284,         0.1216,         0.1569,         2.8723,         1.1536,       659.0805,         0.5692,         0.2712,         0.3048,         0.1034,
         825,         151,        11.6492,        17.8636,        11.6016,        15.2068,         0.8594,         0.7139,         0.3082,         3.9376,         0.4863,        65.2415,      2136.9868,       113.6023,         2.7749,        26.6237,        10.0090,        11.1113,         0.0957,         2.7134,        16.0088,         4.8160,         0.3236,         0.1301,         0.1592,         2.9196,         1.1591,       658.6862,         0.5678,         0.2700,         0.3064,         0.1021,
         828,         152,        12.5352,        17.6309,        11.6152,        16.7265,         0.8564,         0.7040,         0.3090,         3.6195,         0.4777,        50.9518,      2117.0725,       113.1749,         2.7145,        26.3669,        10.0783,        11.3672,         0.0914,         2.8166,        16.3529,         4.4657,         0.3183,         0.1292,         0.1625,         2.8738,         1.1353,       659.1866,         0.5717,         0.2698,         0.3086,         0.0996,
         832,         153,        13.5045,        17.6316,        11.3575,        16.5323,         0.8074,         0.6892,         0.3169,         3.4465,         0.4695,        50.6582,      2078.5361,       114.5011,         2.7823,        25.6752,        10.0929,        10.8515,         0.0815,         2.9340,        15.5334,         4.5269,         0.3285,         0.1304,         0.1596,         2.9484,         1.1628,       659.6470,         0.5754,         0.2688,         0.3081,         0.1023,
         834,         154,        13.5025,        17.9799,        11.5385,        16.4081,         0.8379,         0.6911,         0.3165,         3.5972,         0.4591,        44.3054,      2010.7896,       115.1623,         2.8569,        25.0270,        10.2426,        11.1874,         0.0711,         2.8184,        15.1450,         4.3266,         0.3176,         0.1276,         0.1622,         2.9359,         1.1820,       660.2785,         0.5787,         0.2686,         0.3034,         0.1023,
         835,         155,        13.2050,        18.0266,        11.1089,        16.3700,         0.8205,         0.6699,         0.3260,         4.0304,         0.4534,        47.3443,      2050.0544,       113.7736,         2.9008,        25.2453,        10.3646,        10.9848,         0.0910,         2.7076,        15.3495,         4.1160,         0.3067,         0.1331,         0.1587,         2.9452,         1.1790,       659.6301,         0.5763,         0.2690,         0.3068,         0.1012,
         837,         156,        13.2665,        18.0163,        10.6321,        16.2336,         0.7673,         0.6579,         0.3261,         4.2575,         0.4638,        56.0652,      1975.3678,       115.1923,         2.9120,        24.9211,        10.2227,        11.2658,         0.0808,         2.6756,        15.3583,         4.4397,         0.3032,         0.1297,         0.1583,         2.9769,         1.1696,       659.8297,         0.5806,         0.2694,         0.3035,         0.0989,
         843,         157,        12.6000,        17.6974,        10.9961,        17.0840,         0.7744,         0.6935,         0.3360,         4.6039,         0.4557,        37.3829,      1939.3109,       114.2587,         2.8693,        25.6844,        10.2645,        11.5665,         0.0987,         2.6502,        16.1534,         4.4969,         0.2981,         0.1414,         0.1583,         3.0439,         1.1258,       659.5690,         0.5819,         0.2692,         0.3050,         0.0965,
         845,         158,        13.2245,        18.1023,        11.2473,        15.7462,         0.7301,         0.7179,         0.3440,         4.2580,         0.4579,        32.2384,      1976.8070,       115.3099,         2.8950,        25.2813,        10.1499,        11.9868,         0.0764,         2.7700,        16.3219,         4.4190,         0.2885,         0.1453,         0.1555,         3.0346,         1.1235,       660.0693,         0.5857,         0.2693,         0.3089,         0.0998,
         853,         159,        12.7756,        18.5198,        11.0601,        15.7723,         0.7694,         0.7008,         0.3342,         4.0761,         0.4532,        33.6331,      2017.7266,       115.5910,         2.8776,        24.8277,        10.1910,        12.5230,         0.0572,         2.6671,        17.2209,         4.2823,         0.2771,         0.1542,         0.1529,         2.9830,         1.1325,       660.2072,         0.5856,         0.2702,         0.3088,         0.0977,
         855,         160,        13.1323,        18.8119,        10.6454,        17.2726,         0.7057,         0.7135,         0.3440,         4.3940,         0.4606,        34.8976,      1997.3401,       114.1630,         2.9280,        24.9552,        10.2114,        13.3747,         0.0564,         2.7403,        17.5547,         3.9347,         0.2736,         0.1550,         0.1493,         3.0233,         1.1633,       659.5622,         0.5859,         0.2704,         0.3116,         0.1011,
         856,         161,        13.6339,        18.4254,        10.7992,        17.2117,         0.7094,         0.7264,         0.3340,         4.4092,         0.4539,        56.4383,      2057.8372,       114.1430,         2.9242,        25.5231,        10.2173,        13.1879,         0.0469,         2.8095,        16.5163,         4.1221,         0.2847,         0.1436,         0.1466,         2.9837,         1.1848,       659.3931,         0.5811,         0.2709,         0.3090,         0.1026,
         857,         162,        14.1457,        18.3852,        11.2457,        18.5287,         0.6688,         0.7470,         0.3436,         4.0260,         0.4527,        36.2986,      2114.6006,       113.0072,         2.8658,        26.1117,        10.1505,        12.6459,         0.0349,         2.7976,        16.3877,         4.2010,         0.2902,         0.1498,         0.1499,         3.0250,         1.1486,       659.0914,         0.5772,         0.2718,         0.3128,         0.1046,
         858,         163,        13.5010,        18.2248,        11.4488,        18.8808,         0.6416,         0.7049,         0.3492,         4.1316,         0.4573,        28.0756,      2163.5020,       112.1247,         2.9382,        26.7650,        10.1933,        12.1769,         0.0288,         2.7033,        17.0162,         4.3927,         0.2907,         0.1580,         0.1470,         3.0839,         1.1078,       658.4250,         0.5753,         0.2713,         0.3090,         0.1017,
         860,         164,        13.0353,        18.3389,        11.4575,        17.2822,         0.5784,         0.7432,         0.3564,         4.0598,         0.4508,        27.2057,      2222.5635,       113.5331,         2.9519,        26.1169,        10.3421,        12.6298,         0.0510,         2.8027,        17.8945,         4.6424,         0.2811,         0.1535,         0.1515,         3.1027,         1.1224,       658.9716,         0.5739,         0.2710,         0.3098,         0.1049,
         861,         165,        13.4538,        17.9532,        11.6071,        18.0982,         0.5337,         0.7256,         0.3615,         4.1670,         0.4409,        37.2742,      2153.3557,       114.7689,         2.9597,        26.4000,        10.4026,        13.3030,         0.0606,         2.6975,        18.3138,         4.9316,         0.2826,         0.1610,         0.1476,         3.1227,         1.1406,       659.3608,         0.5755,         0.2722,         0.3073,         0.1085,
         868,         166,        13.6542,        17.5624,        12.0649,        19.2726,         0.4794,         0.7260,         0.3680,         4.0322,         0.4449,        42.0231,      2198.2053,       113.5261,         2.9759,        26.1842,        10.2888,        13.0122,         0.0632,         2.7132,        17.8857,         4.6586,         0.2852,         0.1716,         0.1468,         3.1956,         1.1390,       659.0493,         0.5781,         0.2716,         0.3040,         0.1090,
         874,         167,        14.1415,        17.4525,        12.3167,        18.7543,         0.4944,         0.7537,         0.3686,         3.8010,         0.4491,        38.9113,      2252.4084,       112.2578,         2.9738,        26.8208,        10.2504,        12.5789,         0.0718,         2.8341,        18.9660,         4.8121,         0.2972,         0.1802,         0.1465,         3.2619,         1.0999,       658.5027,         0.5802,         0.2712,         0.3026,         0.1073,
         877,         168,        14.3410,        17.2471,        12.1866,        18.6373,         0.5458,         0.7779,         0.3768,         3.4679,         0.4493,        39.6807,      2224.0107,       112.8526,         2.9575,        27.1000,        10.2362,        11.8749,         0.0831,         2.9062,        19.4864,         5.1350,         0.3007,         0.1692,         0.1467,         3.3217,         1.0945,       658.0311,         0.5784,         0.2707,         0.3026,         0.1046,
         879,         169,        14.0010,        17.2429,        11.9230,        18.8727,         0.4895,         0.7751,         0.3839,         3.1135,         0.4543,        38.1297,      2315.0286,       114.2051,         3.0112,        27.7125,        10.0970,        11.0040,         0.0665,         2.8680,        19.7334,         5.2014,         0.3009,         0.1717,         0.1497,         3.3883,         1.1388,       658.4692,         0.5763,         0.2699,         0.3029,         0.1042,
         889,         170,        14.9190,        16.9207,        11.9668,        18.5566,         0.4502,         0.7677,         0.3867,         3.0858,         0.4497,        51.9474,      2309.8489,       114.9259,         2.9410,        26.9274,        10.1771,        11.3300,         0.0677,         2.8593,        19.3824,         5.1456,         0.2993,         0.1712,         0.1495,         3.3224,         1.1829,       658.5303,         0.5799,         0.2692,         0.3033,         0.1032,
         891,         171,        15.7774,        17.3831,        11.5213,        17.6379,         0.4461,         0.7431,         0.3781,         3.4220,         0.4546,        46.7584,      2296.7490,       113.6520,         3.0079,        27.7566,        10.1999,        11.7289,         0.0808,         2.8447,        20.2903,         5.0215,         0.2910,         0.1834,         0.1510,         3.3351,         1.2127,       658.5961,         0.5814,         0.2700,         0.2994,         0.1033,
